DATA: 5870 x 21
Feature 0
-0.38659	rho[0][4]
-0.378423	rho[0][7]
0.269549	rho[0][13]
-0.242002	rho[0][6]
0.2125	rho[0][2]
0.197213	rho[0][3]
-0.177584	rho[0][9]
0.163461	rho[0][1]
0.155005	rho[0][14]
0.136235	rho[0][16]
-0.125153	rho[0][5]
0.0809467	rho[0][15]
-0.0676352	rho[0][10]
0.0628886	rho[0][18]
-0.0599988	rho[0][20]
-0.0492917	rho[0][8]
-0.0358477	rho[0][11]
0.0251432	rho[0][17]
-0.0213144	rho[0][12]
0.0192883	rho[0][19]

Feature 1
-0.304875	rho[1][7]
0.291663	rho[1][2]
-0.213786	rho[1][10]
0.163461	rho[1][0]
-0.146632	rho[1][5]
-0.102863	rho[1][3]
-0.100047	rho[1][9]
0.0908517	rho[1][13]
-0.0808325	rho[1][17]
-0.0652457	rho[1][20]
0.0635342	rho[1][14]
-0.0568955	rho[1][12]
-0.0471998	rho[1][4]
0.0451608	rho[1][16]
-0.0409783	rho[1][19]
0.0407348	rho[1][15]
-0.0392124	rho[1][8]
0.0220419	rho[1][18]
0.0170445	rho[1][6]
-0.00228973	rho[1][11]

Feature 2
0.456702	rho[2][3]
-0.398246	rho[2][11]
-0.355187	rho[2][9]
-0.336043	rho[2][10]
-0.317457	rho[2][12]
0.291663	rho[2][1]
-0.228252	rho[2][14]
-0.21967	rho[2][8]
0.2125	rho[2][0]
0.199063	rho[2][18]
0.172689	rho[2][19]
-0.165244	rho[2][13]
0.165225	rho[2][20]
0.112324	rho[2][6]
-0.106374	rho[2][4]
0.0873744	rho[2][16]
-0.0552851	rho[2][7]
-0.0202283	rho[2][5]
0.0195208	rho[2][17]
-0.00661973	rho[2][15]

Feature 3
-0.487973	rho[3][12]
0.456702	rho[3][2]
-0.432358	rho[3][9]
-0.38661	rho[3][10]
-0.33292	rho[3][11]
-0.315597	rho[3][14]
0.315502	rho[3][19]
-0.283131	rho[3][13]
0.251076	rho[3][20]
0.218972	rho[3][6]
-0.21743	rho[3][5]
0.207952	rho[3][18]
0.197213	rho[3][0]
-0.170586	rho[3][8]
0.162486	rho[3][4]
0.153388	rho[3][16]
-0.15029	rho[3][15]
-0.102863	rho[3][1]
-0.0839926	rho[3][7]
0.073674	rho[3][17]

Feature 4
-0.38659	rho[4][0]
-0.368297	rho[4][13]
0.236751	rho[4][7]
-0.204364	rho[4][15]
-0.200321	rho[4][14]
-0.194047	rho[4][10]
-0.176665	rho[4][11]
0.162486	rho[4][3]
-0.139926	rho[4][16]
-0.136042	rho[4][12]
0.12992	rho[4][5]
0.112428	rho[4][9]
-0.106374	rho[4][2]
0.0738592	rho[4][20]
0.0627542	rho[4][17]
-0.0471998	rho[4][1]
0.040418	rho[4][19]
0.0336005	rho[4][8]
-0.0139254	rho[4][18]
-0.00814542	rho[4][6]

Feature 5
-0.219349	rho[5][11]
-0.21743	rho[5][3]
-0.160844	rho[5][7]
-0.151554	rho[5][16]
-0.146632	rho[5][1]
-0.136252	rho[5][14]
0.12992	rho[5][4]
-0.126501	rho[5][12]
-0.125153	rho[5][0]
0.121668	rho[5][8]
0.112966	rho[5][9]
-0.101719	rho[5][13]
0.0879949	rho[5][6]
-0.0761958	rho[5][15]
0.066008	rho[5][18]
0.0562964	rho[5][20]
-0.0450733	rho[5][17]
0.0335232	rho[5][19]
-0.0202283	rho[5][2]
0.00962863	rho[5][10]

Feature 6
-0.393316	rho[6][12]
-0.364099	rho[6][13]
-0.351449	rho[6][8]
-0.242002	rho[6][0]
0.240245	rho[6][19]
-0.221936	rho[6][10]
0.218972	rho[6][3]
-0.211988	rho[6][15]
-0.188303	rho[6][14]
0.185007	rho[6][20]
-0.141428	rho[6][11]
0.123861	rho[6][7]
-0.12158	rho[6][17]
0.112324	rho[6][2]
0.0879949	rho[6][5]
-0.058066	rho[6][16]
-0.055726	rho[6][9]
0.0293469	rho[6][18]
0.0170445	rho[6][1]
-0.00814542	rho[6][4]

Feature 7
-0.378423	rho[7][0]
-0.313798	rho[7][13]
-0.304875	rho[7][1]
-0.278841	rho[7][14]
-0.272011	rho[7][16]
0.236751	rho[7][4]
-0.160844	rho[7][5]
-0.160702	rho[7][18]
0.143042	rho[7][10]
0.123861	rho[7][6]
-0.11998	rho[7][9]
-0.109812	rho[7][15]
0.108391	rho[7][8]
0.0967088	rho[7][20]
-0.0921468	rho[7][19]
-0.0839926	rho[7][3]
-0.0831522	rho[7][17]
-0.065564	rho[7][11]
0.0634974	rho[7][12]
-0.0552851	rho[7][2]

Feature 8
-0.351449	rho[8][6]
0.282206	rho[8][9]
-0.242888	rho[8][15]
-0.21967	rho[8][2]
-0.173526	rho[8][17]
-0.170586	rho[8][3]
-0.163009	rho[8][14]
-0.153898	rho[8][19]
-0.143256	rho[8][10]
-0.142498	rho[8][16]
-0.124336	rho[8][18]
0.121668	rho[8][5]
0.108391	rho[8][7]
0.101262	rho[8][11]
0.0954208	rho[8][12]
-0.0826855	rho[8][20]
0.058486	rho[8][13]
-0.0492917	rho[8][0]
-0.0392124	rho[8][1]
0.0336005	rho[8][4]

Feature 9
-0.432358	rho[9][3]
-0.355187	rho[9][2]
-0.320511	rho[9][16]
0.282206	rho[9][8]
-0.263432	rho[9][18]
0.261124	rho[9][10]
-0.247203	rho[9][15]
0.246728	rho[9][12]
-0.177584	rho[9][0]
-0.166153	rho[9][20]
-0.162239	rho[9][19]
-0.133216	rho[9][17]
-0.11998	rho[9][7]
0.112966	rho[9][5]
0.112428	rho[9][4]
-0.100047	rho[9][1]
0.0979818	rho[9][14]
-0.055726	rho[9][6]
0.0526085	rho[9][13]
-0.0185081	rho[9][11]

Feature 10
-0.38661	rho[10][3]
-0.342516	rho[10][19]
-0.336043	rho[10][2]
0.317169	rho[10][11]
0.298294	rho[10][13]
0.261124	rho[10][9]
-0.243837	rho[10][20]
-0.232397	rho[10][16]
-0.229108	rho[10][17]
-0.221936	rho[10][6]
-0.213786	rho[10][1]
-0.211397	rho[10][18]
-0.194047	rho[10][4]
0.19117	rho[10][12]
0.158148	rho[10][14]
-0.143256	rho[10][8]
0.143042	rho[10][7]
0.134328	rho[10][15]
-0.0676352	rho[10][0]
0.00962863	rho[10][5]

Feature 11
-0.398246	rho[11][2]
0.387316	rho[11][12]
-0.364191	rho[11][20]
0.36026	rho[11][14]
-0.33292	rho[11][3]
-0.32415	rho[11][18]
0.317169	rho[11][10]
-0.293113	rho[11][19]
-0.219349	rho[11][5]
-0.205912	rho[11][17]
-0.176665	rho[11][4]
-0.141428	rho[11][6]
0.138524	rho[11][13]
0.115113	rho[11][15]
0.101262	rho[11][8]
-0.065564	rho[11][7]
-0.0358477	rho[11][0]
0.0294044	rho[11][16]
-0.0185081	rho[11][9]
-0.00228973	rho[11][1]

Feature 12
-0.487973	rho[12][3]
-0.437329	rho[12][19]
0.400916	rho[12][13]
-0.393316	rho[12][6]
0.387316	rho[12][11]
-0.317457	rho[12][2]
-0.307071	rho[12][18]
-0.289081	rho[12][20]
0.246728	rho[12][9]
0.244125	rho[12][15]
0.19117	rho[12][10]
0.144825	rho[12][14]
-0.136042	rho[12][4]
-0.126501	rho[12][5]
0.0954208	rho[12][8]
0.0634974	rho[12][7]
-0.0568955	rho[12][1]
0.0363129	rho[12][17]
-0.0285932	rho[12][16]
-0.0213144	rho[12][0]

Feature 13
0.421531	rho[13][14]
-0.421113	rho[13][20]
0.400916	rho[13][12]
-0.368297	rho[13][4]
-0.364099	rho[13][6]
-0.328023	rho[13][19]
-0.313798	rho[13][7]
0.298294	rho[13][10]
-0.283131	rho[13][3]
0.270635	rho[13][16]
0.269549	rho[13][0]
-0.165244	rho[13][2]
0.139956	rho[13][15]
0.138524	rho[13][11]
-0.101719	rho[13][5]
0.0908517	rho[13][1]
0.058486	rho[13][8]
0.0526085	rho[13][9]
0.0287296	rho[13][17]
-0.0102842	rho[13][18]

Feature 14
0.421531	rho[14][13]
-0.385383	rho[14][20]
0.362745	rho[14][15]
0.36026	rho[14][11]
-0.315597	rho[14][3]
-0.278841	rho[14][7]
-0.228252	rho[14][2]
-0.200321	rho[14][4]
0.192027	rho[14][17]
-0.188303	rho[14][6]
-0.163009	rho[14][8]
0.158148	rho[14][10]
0.155005	rho[14][0]
0.144825	rho[14][12]
-0.136252	rho[14][5]
-0.109942	rho[14][19]
0.0979818	rho[14][9]
0.0721379	rho[14][16]
0.0635342	rho[14][1]
-0.0502502	rho[14][18]

Feature 15
0.362745	rho[15][14]
0.344294	rho[15][16]
-0.247203	rho[15][9]
0.244125	rho[15][12]
-0.242888	rho[15][8]
-0.211988	rho[15][6]
-0.204364	rho[15][4]
0.179339	rho[15][18]
-0.15029	rho[15][3]
0.139956	rho[15][13]
0.134328	rho[15][10]
0.115113	rho[15][11]
-0.109812	rho[15][7]
0.0809467	rho[15][0]
-0.0761958	rho[15][5]
0.0681836	rho[15][17]
-0.0603427	rho[15][19]
-0.0458914	rho[15][20]
0.0407348	rho[15][1]
-0.00661973	rho[15][2]

Feature 16
0.354476	rho[16][17]
0.344294	rho[16][15]
-0.320511	rho[16][9]
-0.272011	rho[16][7]
0.270635	rho[16][13]
0.237517	rho[16][19]
-0.232397	rho[16][10]
0.153388	rho[16][3]
-0.151554	rho[16][5]
-0.142498	rho[16][8]
-0.139926	rho[16][4]
0.136235	rho[16][0]
0.108003	rho[16][18]
0.0873744	rho[16][2]
0.0721379	rho[16][14]
-0.058066	rho[16][6]
0.0451608	rho[16][1]
0.0294044	rho[16][11]
-0.0285932	rho[16][12]
0.00518479	rho[16][20]

Feature 17
0.361004	rho[17][18]
0.354476	rho[17][16]
-0.229108	rho[17][10]
-0.205912	rho[17][11]
0.192027	rho[17][14]
0.184436	rho[17][20]
-0.173526	rho[17][8]
-0.133216	rho[17][9]
-0.12158	rho[17][6]
-0.0831522	rho[17][7]
0.082396	rho[17][19]
-0.0808325	rho[17][1]
0.073674	rho[17][3]
0.0681836	rho[17][15]
0.0627542	rho[17][4]
-0.0450733	rho[17][5]
0.0363129	rho[17][12]
0.0287296	rho[17][13]
0.0251432	rho[17][0]
0.0195208	rho[17][2]

Feature 18
0.379821	rho[18][19]
0.361004	rho[18][17]
-0.32415	rho[18][11]
-0.307071	rho[18][12]
-0.263432	rho[18][9]
-0.211397	rho[18][10]
0.207952	rho[18][3]
0.199063	rho[18][2]
0.179339	rho[18][15]
-0.160702	rho[18][7]
-0.124336	rho[18][8]
0.119099	rho[18][20]
0.108003	rho[18][16]
0.066008	rho[18][5]
0.0628886	rho[18][0]
-0.0502502	rho[18][14]
0.0293469	rho[18][6]
0.0220419	rho[18][1]
-0.0139254	rho[18][4]
-0.0102842	rho[18][13]

Feature 19
0.44568	rho[19][20]
-0.437329	rho[19][12]
0.379821	rho[19][18]
-0.342516	rho[19][10]
-0.328023	rho[19][13]
0.315502	rho[19][3]
-0.293113	rho[19][11]
0.240245	rho[19][6]
0.237517	rho[19][16]
0.172689	rho[19][2]
-0.162239	rho[19][9]
-0.153898	rho[19][8]
-0.109942	rho[19][14]
-0.0921468	rho[19][7]
0.082396	rho[19][17]
-0.0603427	rho[19][15]
-0.0409783	rho[19][1]
0.040418	rho[19][4]
0.0335232	rho[19][5]
0.0192883	rho[19][0]

Feature 20
0.44568	rho[20][19]
-0.421113	rho[20][13]
-0.385383	rho[20][14]
-0.364191	rho[20][11]
-0.289081	rho[20][12]
0.251076	rho[20][3]
-0.243837	rho[20][10]
0.185007	rho[20][6]
0.184436	rho[20][17]
-0.166153	rho[20][9]
0.165225	rho[20][2]
0.119099	rho[20][18]
0.0967088	rho[20][7]
-0.0826855	rho[20][8]
0.0738592	rho[20][4]
-0.0652457	rho[20][1]
-0.0599988	rho[20][0]
0.0562964	rho[20][5]
-0.0458914	rho[20][15]
0.00518479	rho[20][16]

