0.452633	-0.687099
0.652063	-0.733727
0.732743	-0.727431
0.576775	-0.742641
0.577804	-0.819602
0.693741	-0.545286
0.757996	-0.652335
0.553407	-0.548514
0.58663	-0.65171
0.669415	-0.795552
0.514463	-0.898109
0.552084	-0.747221
0.618228	-0.863313
0.714427	-0.812988
0.648586	-0.609132
1.90855	-0.056805
1.98764	-0.112072
1.95052	0.254328
2.14695	-0.180705
2.11743	-0.0921794
1.9554	-0.0973258
1.9353	-0.169629
1.84569	-0.170267
1.94347	-0.352514
1.94014	-0.345521
1.83731	-0.266832
1.90718	-0.404551
1.81905	-0.495661
1.83634	-0.530052
1.92111	-0.579026
1.9854	-0.631586
1.94577	-0.689718
1.96607	-0.709986
1.87628	-0.72332
1.92741	-0.787455
1.8775	-0.767182
1.4348	-0.463466
1.54092	-0.604345
1.37779	-0.711569
1.2585	-0.799713
1.21596	-0.786822
1.41018	-0.931627
1.38354	-0.979662
1.13344	-0.777198
1.24911	-0.765036
1.17445	-0.572487
1.0427	-0.396716
0.789807	-0.186651
0.513904	-0.52115
0.753313	-0.721968
0.551285	-0.544624
0.0393328	-0.243293
-0.0909449	-0.177131
-0.0487111	-0.177512
0.116708	-0.223292
0.199994	-0.240819
0.418322	-0.360065
0.861091	-0.629145
1.20117	-0.310819
1.35766	0.00882762
1.50813	-0.092663
1.66992	-0.284871
1.6643	-0.326192
1.76429	-0.403905
1.74886	-0.481139
1.73442	-0.595293
1.72684	-0.617376
1.56621	-0.591651
1.6052	-0.486446
1.57048	-0.477297
1.40774	-0.353988
1.30565	-0.312594
1.23102	-0.31376
1.09766	-0.305407
0.95439	-0.298629
0.769552	-0.0201156
0.623728	0.182904
0.241368	0.399614
0.310435	0.448955
0.33073	0.206984
0.40313	0.05179
0.386066	0.133575
0.725488	0.149482
0.906821	0.0958061
0.890657	0.13305
0.870653	-0.0598267
1.01475	-0.294263
1.23133	-0.489644
1.45514	-0.4584
1.77138	-0.30542
1.84795	-0.0411896
2.00048	0.079134
2.01379	0.0584177
1.89132	0.313464
1.08713	0.414779
0.951975	0.275277
0.728468	0.0733721
-0.311961	-0.196995
0.0271868	-0.172526
-0.352851	0.0508198
-0.306287	-0.00637751
0.448526	-0.367132
0.469891	-0.45016
0.762807	-0.546468
0.943164	-0.36413
1.89589	-0.428469
2.11766	-0.411148
1.8852	-0.4486
0.560789	-0.375608
0.857252	-0.443986
1.57796	-0.446012
1.85902	-0.556194
1.85764	-0.408509
1.96545	-0.140334
1.71664	0.0357867
1.31934	0.0273353
1.2392	-0.150108
0.619468	-0.355802
0.151667	-0.240119
0.00458794	0.0467986
-0.452669	0.0479697
-0.867997	0.0638361
-0.960251	-0.241564
-1.42145	0.0699654
-1.04964	-0.370225
-0.702025	-0.476945
-0.658096	-0.66864
-0.0729934	-0.582388
-0.0046235	-0.61079
0.431247	-0.696725
0.630054	-0.774496
0.338015	-0.743389
0.610516	-0.789254
0.612432	-0.641123
0.7353	-0.573394
0.695103	-0.411775
0.594908	-0.187099
0.987545	-0.375235
1.20179	-0.610591
1.14016	-0.730922
1.27347	-0.489459
1.42587	-0.0694286
0.149124	-0.380565
0.680716	-0.376553
1.1276	-0.508319
1.0577	-0.390506
1.13292	-0.487743
1.20861	-0.548436
1.29083	-0.612471
1.27283	-0.597789
1.01649	-0.363527
1.06047	-0.356554
1.45675	-0.322946
1.5366	-0.239116
1.73048	-0.371983
1.8525	-0.275917
1.92123	-0.124763
1.9276	-0.18011
2.04386	-0.0351731
2.04896	0.166652
1.87552	0.208046
1.79953	0.0437302
1.64555	-0.00708835
1.67662	0.0100815
1.64922	-0.140497
1.62721	-0.335062
1.46022	-0.0194418
0.89456	-0.293385
0.240986	-0.520321
0.931303	-0.425281
1.10511	-0.40219
1.2674	-0.607819
1.18863	-0.502485
1.21994	-0.572826
1.62985	-0.111826
1.86341	0.0706833
1.81248	-0.0260432
1.8161	-0.18427
1.94908	-0.107921
1.51126	-0.180416
1.91655	-0.0590334
2.16457	-0.604181
1.65644	-0.436258
1.38378	-0.519456
1.59037	-0.448503
2.17443	-0.123564
1.93515	-0.164913
1.91615	-0.0490642
1.76616	-0.341024
1.57292	-0.240466
1.56916	-0.296851
1.32718	-0.26344
1.3517	-0.387838
1.18488	-0.537926
1.05954	-0.599856
0.798883	-0.799392
0.67816	-0.767079
0.508624	-0.839907
0.555351	-0.932702
0.722114	-0.688617
0.617895	-0.948284
0.439123	-0.777977
0.560719	-0.760563
0.606696	-0.764497
0.450594	-0.854882
0.676215	-0.39942
-0.191544	-0.549038
0.0349025	-0.717778
0.659329	-0.811297
0.48536	-1.01052
0.680114	-0.797856
0.647722	-0.496725
0.722941	-0.623664
0.648011	-0.786382
0.469808	-0.9167
0.263786	-0.811035
0.530445	-0.709962
0.33849	-0.773206
0.258326	-0.388462
1.27923	-0.475035
1.18332	-0.341202
1.10002	-0.081354
0.745546	0.0909757
0.989341	-0.0138717
1.3287	-0.243364
1.33033	-0.338137
1.34137	-0.37454
1.29733	-0.478957
1.39366	-0.55259
1.25651	-0.489142
1.21992	-0.506096
1.2636	-0.540738
1.22331	-0.589485
1.14359	-0.519831
1.14867	-0.454152
1.15928	-0.573364
1.15072	-0.623935
1.06423	-0.586581
1.03312	-0.566265
0.83202	-0.523829
0.503895	-0.393508
0.429737	-0.422413
0.347016	-0.447905
0.355644	-0.552386
0.415998	-0.574925
0.619942	-0.462322
0.830789	-0.261933
1.05245	-0.0185032
1.16966	0.209945
1.2067	0.25922
1.23129	0.225567
1.50312	-0.0564351
2.13446	-0.440523
2.31086	-0.395301
1.59276	-0.0373848
1.39836	-0.70045
1.85755	-0.390933
2.10994	-0.490218
1.50063	-0.288162
1.69078	-0.490886
1.79703	-0.73214
1.47458	-0.739662
1.25162	-0.689795
1.13674	-0.687288
0.949314	-0.678105
1.01201	-0.743592
0.899661	-0.626894
0.912501	-0.622669
1.00542	-0.627671
1.04736	-0.627999
1.16314	-0.606556
1.33317	-0.682653
1.50803	-0.77136
1.44083	-0.58125
1.4037	-0.543653
1.36337	-0.575111
1.34645	-0.623211
1.58697	-0.878913
1.64893	-0.837919
1.65723	-0.748891
1.69136	-0.866665
1.77157	-0.943566
1.65026	-0.895811
1.7346	-0.930791
1.46579	-0.479444
1.1767	-0.491349
1.18968	-0.580887
1.34924	-0.708018
1.55912	-0.875472
1.50848	-0.900465
1.73046	-0.847934
1.80618	-0.751931
1.83448	-0.67159
1.80539	-0.317031
1.91509	-0.135979
1.83186	-0.375307
1.86231	-0.325444
1.43957	-0.105264
1.05993	-0.392076
1.09599	-0.403125
0.96951	-0.538948
0.481776	-0.830492
0.330612	-0.828506
0.244243	-0.374427
1.62119	-0.841213
1.41115	-0.707117
1.75503	-0.502897
2.22264	-0.959569
2.26247	-0.180261
1.77069	-0.0947506
1.55347	-0.0960912
1.60251	-0.0886682
1.1351	-0.367412
0.72721	-0.868657
1.02011	-0.378618
1.34622	-0.235824
1.65761	0.00136015
1.18583	-0.0209971
1.14045	0.04787
1.19145	0.0969911
1.37025	0.109986
1.38416	0.120826
1.47705	0.00547163
1.32901	-0.0865396
1.21837	-0.143248
0.661299	-0.713198
0.708474	-0.680099
0.783016	-0.490128
1.1824	-0.466828
1.62631	-0.325686
1.53876	-0.0654073
1.68498	-0.42693
1.36364	0.0595918
1.22718	0.152572
0.214486	0.290256
-0.421665	0.313873
-0.619824	0.0515888
-0.851105	-0.0538406
-1.15051	-0.191179
-1.09638	-0.103642
-1.08879	-0.355413
-0.84651	-0.537279
-0.734832	-0.514279
-0.406873	-0.293408
1.01263	-0.181553
0.806056	-0.138555
0.816891	-0.411939
1.10745	-0.153289
0.925427	-0.278691
1.14032	0.178817
0.338949	0.38492
-0.214232	0.449163
-0.465026	-0.0534322
-0.0933053	-0.229522
0.156044	-0.417349
0.439142	-0.61616
0.273551	-0.482828
0.227004	-0.395551
0.266213	-0.416656
0.937268	-0.544289
0.601305	-0.653969
0.805504	-0.556977
1.913	-0.373682
2.22329	-0.499125
2.41452	-0.594256
2.2728	-0.816697
1.7481	-0.894295
1.83437	-0.783377
1.88343	-0.57667
1.63942	-0.351009
1.32899	-0.11986
1.06678	0.132822
0.90179	0.1453
0.803377	-0.0262518
1.38552	-0.293943
1.83726	-0.282073
2.07366	-0.482853
1.91087	-0.343838
1.76563	-0.247558
1.76582	-0.222553
1.74652	-0.0494475
1.58747	0.109465
1.4533	-0.137639
1.33866	-0.108395
1.14554	-0.243526
0.965544	-0.686407
0.973618	-0.767113
0.716105	-0.913971
1.19365	-0.393476
1.90811	-0.024856
1.90005	-0.268293
1.9946	-0.281336
2.20258	-0.428425
2.26659	-0.295491
1.9326	-0.216813
1.44033	-0.150466
1.49172	-0.0638556
1.26991	0.365295
0.999173	0.291977
1.18393	-0.181173
0.998807	-0.565332
1.02481	-0.665171
1.11133	-0.539349
0.948341	-0.569225
1.23334	-0.742085
1.11262	-0.246343
1.59256	-0.455051
1.82911	-0.527147
1.97873	-0.763943
1.7583	-0.737718
1.77485	-0.844296
1.6147	-0.748334
1.6511	-0.754456
1.70155	-0.768138
1.83819	-0.754662
1.93964	-0.691118
1.72864	-0.747822
1.73956	-0.692479
1.76176	-0.486924
1.89178	-0.333146
1.89876	-0.0383991
1.99994	-0.0577559
1.89822	0.00967816
1.76236	-0.0588617
1.57022	0.09794
1.4894	-0.0240312
1.3356	-0.254131
1.31338	-0.0943149
1.30814	-0.0662698
1.32939	-0.097293
0.407122	-0.791462
0.441811	-0.894998
0.611942	-0.88908
0.552975	-0.783957
0.389885	-0.807171
0.533802	-0.745084
0.47184	-0.784242
0.651631	-0.72117
0.783565	-0.53924
0.763321	-0.657323
0.472882	-0.630315
0.369018	-0.284439
0.698311	-0.287175
1.00494	-0.473778
1.05816	-0.314606
1.14128	-0.212292
0.990572	0.0139089
0.481732	0.15737
0.138741	0.270174
0.114472	0.0409824
-0.250715	-0.131799
-0.340074	-0.194719
-0.448943	-0.319099
-0.362082	-0.711782
-0.288522	-0.545149
-0.230548	-0.421453
0.0598818	-0.593662
-0.00812253	-0.429886
0.0126799	-0.727827
0.0661674	-0.632017
0.253743	-0.613616
1.15029	-0.071361
1.87578	-0.163244
1.83134	-0.261474
1.83725	-0.273468
1.86435	-0.222529
1.93284	-0.0755955
1.89114	0.0998145
0.721051	0.304788
0.0403905	0.305893
-0.248103	-0.141844
-0.622303	-0.16706
-0.670561	0.114263
-0.586204	-0.278158
-0.0561841	-0.205548
0.915427	0.148229
1.12261	-0.127034
1.25751	-0.449156
0.992795	-0.273413
1.34671	-0.406611
1.63696	-0.804482
1.65873	-0.773165
1.7794	-0.66811
1.74807	-0.516441
1.73144	-0.252808
1.78867	-0.111987
1.82037	-0.172925
1.76372	-0.428702
1.91646	-0.474458
1.8476	-0.39269
1.73854	-0.229477
1.80389	-0.165752
1.73962	0.0368062
1.70588	0.248415
1.92593	0.162831
1.43314	-0.119223
1.16352	0.0305652
1.36611	-0.242281
1.43182	0.181084
1.79269	0.0179792
2.20439	-0.0685017
2.26279	-0.118848
2.19735	-0.0903227
2.03739	0.0406284
1.97783	0.130138
1.9916	0.192473
2.13747	0.145309
1.87532	0.241472
1.62518	0.0506981
0.725636	-0.346999
0.337993	-0.694762
0.0420418	-0.926406
-0.0746761	-1.01329
-0.206842	-1.01073
-0.0998237	-1.07421
-0.192658	-1.04765
0.321169	-0.816986
0.385589	-1.06278
0.680043	-0.649753
0.753724	-0.435936
0.794824	-0.393318
0.841548	-0.494481
0.808645	-0.484103
1.03796	-0.436027
1.29294	-0.298508
1.49595	-0.10069
1.65305	0.201352
1.95621	0.189816
1.91031	0.261783
2.10839	0.384285
1.98516	0.283398
1.85122	0.346295
1.79217	0.20946
1.73948	-0.00961893
1.67322	-0.340148
1.67326	-0.604569
1.45582	-0.105057
0.969269	-0.358064
0.228446	-0.567925
0.685119	-0.419397
1.82247	-0.502407
1.70917	-0.562962
1.74284	-0.612749
1.50817	-0.782393
1.73077	-0.937864
1.534	-0.970137
1.42463	-0.928274
1.25241	-0.863271
1.11171	-0.795142
0.790159	-0.589526
0.397365	-0.319876
0.120764	-0.181243
-0.0314915	-0.121342
0.0563323	-0.217074
0.415542	-0.314371
0.822037	-0.383588
0.939786	-0.427449
0.941945	-0.26009
1.03359	-0.180421
1.19674	-0.202853
1.14126	-0.190664
1.16317	-0.143534
1.19166	-0.325953
1.06187	-0.195264
0.609696	0.0531937
0.0474657	-0.198357
-0.491209	-0.244947
-0.760929	-0.250319
-0.737049	-0.149327
-0.902973	-0.104265
-0.94624	-0.203765
-1.01023	-0.150779
-0.970156	-0.21271
-0.710081	-0.0727721
-0.207654	-0.115949
0.267947	-0.279894
0.906597	-0.359491
1.6876	-0.405692
1.83747	-0.399851
1.77082	-0.475445
1.5759	-0.646816
1.59678	-0.574316
1.75457	-0.720774
1.97386	-0.524658
2.05437	-0.851873
2.17592	-0.64345
2.23463	-0.69625
2.46629	-0.522715
2.22234	-0.281997
2.19434	-0.163786
2.03299	-0.0694766
2.01043	0.0311827
1.5983	0.131782
1.33506	0.150148
1.43047	0.0183055
1.32144	-0.208583
1.23325	-0.595634
0.966814	-0.615048
0.715304	-0.698141
0.772379	-0.760035
0.718055	-0.660381
0.605281	-0.80693
0.500861	-0.963364
0.731917	-0.779924
0.520601	-0.95008
0.709531	-0.49575
0.753055	-0.742086
0.592025	-0.805571
0.431703	-0.885397
0.717789	-0.899374
0.616974	-0.853391
0.591307	-0.629901
0.708324	-0.695578
1.06184	-0.74763
1.37425	-0.285424
1.72175	0.0737634
1.57799	0.0921184
1.54342	0.0261907
1.69492	-0.131149
1.71457	0.0368389
1.32459	0.096466
0.940429	-0.333053
0.998367	-0.461963
0.839539	-0.314959
0.840981	-0.25912
0.853262	-0.272341
0.781615	-0.0953048
0.754237	0.199529
0.495271	0.0691767
0.419537	-0.165803
0.0507394	-0.307801
-0.210877	-0.375252
-0.439419	-0.444415
-0.668073	-0.442403
-0.37531	-0.286075
-0.539658	-0.309364
-0.537346	-0.388623
-0.50256	-0.57368
-0.118392	-0.364978
0.553004	-0.335948
1.25989	-0.569754
1.56717	-0.663766
1.54377	-0.683275
1.67672	-0.918213
1.57764	-0.926406
1.48411	-0.876621
1.53878	-0.902175
1.49703	-0.78788
1.61754	-0.68506
1.94348	-0.56068
2.00272	-0.556618
2.03928	-0.427437
2.07271	-0.564816
2.07226	-0.530096
1.92729	-0.372549
2.04843	-0.478924
1.9918	-0.431089
2.08087	-0.372735
1.97263	-0.35859
1.16722	0.142087
0.261134	0.226716
0.733333	0.215256
0.0227321	-0.320684
-0.135634	-0.165127
0.262419	-0.194671
0.456458	-0.204215
0.396913	-0.114245
0.175417	-0.0133999
-0.0846551	0.126093
0.263647	0.0801609
0.95244	-0.361396
1.18166	-0.781027
1.39798	-0.833912
1.54045	-0.888112
1.67147	-0.889233
1.87483	-0.866109
1.91681	-0.614149
2.0002	-0.380241
1.86729	-0.114594
1.13562	-0.0731274
0.247108	-0.447296
-0.239159	-0.758447
-0.297835	-1.03497
-0.0766049	-1.02188
-0.36418	-0.723828
-0.567124	-0.575924
-0.304025	-0.753331
1.08634	-0.330525
0.490224	-0.436934
0.0521238	-0.306006
-0.041801	-0.252656
0.0895612	-0.315233
0.485878	-0.287668
1.19151	0.0711246
1.0941	-0.0552095
0.94316	-0.380882
0.635989	-0.598122
0.432037	-0.705343
0.728186	-0.62713
0.790535	-0.574565
1.39665	-0.646178
1.66831	-0.517353
1.92926	-0.544401
1.99777	-0.492749
1.91311	-0.265278
2.20543	-0.702058
2.0753	-0.729982
1.93437	-0.661231
1.94968	-0.695457
2.00762	-0.64234
1.94367	-0.633385
1.92445	-0.584847
1.89764	-0.583406
1.8265	-0.384277
1.90224	-0.282409
2.04056	-0.173554
1.78511	0.071357
1.91943	-0.0412029
1.78534	0.118658
1.87372	-0.129973
1.92638	-0.26723
1.71046	-0.351145
1.73444	-0.355463
1.59387	-0.143228
1.5881	0.091482
1.63167	0.0340769
1.61259	0.00358674
1.49213	-0.0748148
1.5707	-0.139722
1.1946	-0.13236
1.37826	-0.184183
1.00335	-0.349779
-0.398113	-1.37987
-0.330876	-1.30867
0.00850838	-0.407958
0.0581657	-0.0740511
0.270365	-0.188835
0.759391	0.0645474
0.513658	-0.416297
0.847723	-0.501464
1.49274	-0.848261
1.34142	-0.776483
1.18186	-0.760441
0.889483	-0.502354
0.788345	-0.230925
1.08935	-0.254867
0.970825	-0.357843
0.972064	-0.437505
0.928987	-0.534596
0.994548	-0.530536
0.916598	-0.685769
1.01281	-0.516982
0.84643	-0.49602
0.388482	-0.83299
0.612978	-0.675211
0.672256	-0.532146
1.53318	-0.45085
1.63767	-0.30575
1.78807	-0.577222
1.86195	-0.754018
2.10667	-0.742406
2.13054	-0.326025
1.79873	-0.000810551
1.049	0.134865
0.265116	-0.128491
0.0507953	-0.104491
-0.0203842	-0.372194
-0.162121	-0.317665
0.0402991	-0.353062
0.128629	-0.541754
0.435265	-0.562266
-0.0375722	-0.494716
-0.105032	-0.269496
-0.304352	-0.361882
-0.538866	-0.0943472
-0.568438	-0.159343
-0.40172	-0.208962
0.202469	-0.110087
1.53229	-0.556151
1.62513	-0.648947
0.965052	-0.732318
1.32234	-0.558738
2.1068	-0.253033
2.23614	-0.401008
2.33413	-0.0866217
2.08411	0.098207
1.91679	0.28373
2.00744	0.471209
1.98147	0.536741
2.03718	0.266377
2.07846	0.174676
1.94018	0.148651
1.90014	0.0570332
1.88108	-0.0608059
1.72821	-0.160295
1.5876	-0.244858
1.77757	-0.379465
1.86996	-0.513115
1.99164	-0.346396
2.03104	-0.423426
2.05549	-0.497624
2.08424	-0.517891
2.03669	-0.447163
2.09804	-0.474283
2.07035	-0.516984
2.05052	-0.555807
1.99685	-0.469842
1.77858	-0.283195
1.42346	-0.340781
1.12545	-0.47988
0.83382	-0.384965
1.02584	-0.200833
1.03116	-0.32187
0.9277	-0.661867
1.00428	-0.618564
0.444385	-0.552077
0.276861	-0.5961
0.390078	-0.699629
-0.104637	-0.627022
-0.436349	-0.380182
-0.554937	-0.239957
-0.0992276	-0.346347
-0.283384	-0.381621
-0.175464	-0.0359061
-0.262347	-0.323039
-0.581975	-0.19961
-0.606309	-0.174866
-0.115327	-0.0482401
-0.038012	0.0145984
-0.184438	0.14836
-0.148638	-0.123558
-0.235131	-0.241725
0.132047	-0.228139
0.480468	-0.415771
0.537266	-0.607093
0.390183	-0.715051
0.490112	-0.687722
0.673805	-0.769612
0.584383	-0.583493
0.355253	-0.598541
0.632312	-0.709415
0.715538	-0.797559
0.470631	-0.714476
0.703762	-0.712905
0.648178	-0.756414
0.657249	-0.350299
0.586226	-0.726039
0.502807	-0.673505
0.532726	-0.838947
0.550677	-0.836392
0.598436	-0.819229
0.554438	-0.703764
0.622705	-0.673828
0.659141	-0.821341
0.46078	-1.00894
0.687504	-0.751573
1.02007	-0.34753
1.61889	0.0766478
1.65807	0.067576
1.62196	-0.0473475
0.749887	0.18932
0.767818	-0.00145004
1.4978	-0.132335
1.4114	-0.0522556
1.37332	0.0667912
1.24446	0.274588
1.3034	0.253891
1.21138	0.379486
1.30384	0.344861
1.20809	0.208635
0.978058	0.18014
0.577386	-0.0262397
0.36229	-0.112246
0.00379292	-0.207666
0.0842948	-0.160009
-0.136775	-0.0601793
-0.0291501	-0.050987
-0.0648574	-0.16434
0.213036	-0.0882389
1.08615	0.116237
1.60695	0.144422
1.81348	0.0773201
1.73773	0.105705
1.77511	-0.0633905
1.80974	-0.242161
1.90033	-0.507317
2.07033	-0.611837
1.92914	-0.42389
2.22494	-0.486872
2.0482	-0.25147
2.06804	-0.307047
1.98351	-0.186825
1.72949	-0.231174
2.05419	-0.0344525
2.02125	0.0522716
1.93849	0.209177
1.44859	0.577345
0.516992	0.611387
-0.0749564	0.511323
-0.175763	0.337182
0.157046	0.41021
0.651895	0.387041
1.17569	0.346422
1.33237	0.192171
1.34326	0.245217
1.54952	0.136407
1.598	0.165095
1.5634	0.143612
1.62005	0.0802109
1.49508	0.139743
1.17908	0.19244
0.701171	0.0730808
-0.0251184	0.0189669
-0.278508	-0.107668
-0.490678	0.055841
-0.562517	0.0228655
-0.888941	-0.362341
-0.813773	-0.102072
-0.497794	-0.297555
-0.260529	-0.272793
-0.188367	-0.394243
-0.0560538	-0.649286
0.447355	-0.589808
0.500311	-0.494722
0.308941	-0.360791
1.04403	-0.251495
0.822428	-0.408357
1.48072	-0.715079
1.17144	-0.777193
0.871084	-0.67197
0.886993	-0.680269
1.3292	-0.754469
1.24648	-0.527053
1.0243	-0.312345
0.963602	-0.203148
1.00057	-0.148602
1.07524	-0.010463
1.15587	0.0507122
1.23811	-0.00300724
0.937199	0.0431936
0.876759	0.108579
0.679667	0.226342
0.494852	0.283602
0.384849	0.229939
0.853843	-0.0237642
1.09355	-0.315406
0.943045	-0.272715
1.33841	-0.243413
1.5522	-0.126248
1.93062	-0.0966642
1.90214	0.0114535
1.87547	-0.0264834
1.96764	0.0121385
2.09703	-0.0122395
2.28288	-0.195439
2.42365	-0.22433
2.15635	-0.179608
2.58472	-0.0866211
2.36421	0.260607
2.15235	0.400615
2.13193	0.329002
1.97009	0.398229
1.90274	0.347242
1.95494	0.344802
1.90574	0.308982
2.12204	0.281895
2.1389	0.241129
1.97696	0.0194032
2.09407	-0.300642
1.99469	-0.468034
2.12522	-0.73708
1.8679	-0.761483
1.64182	-0.770253
1.94238	-0.909264
2.05014	-0.4108
2.00535	-0.118609
2.12302	0.0207659
1.72168	0.0466033
1.6205	0.140011
1.76296	-0.166772
1.73281	-0.477527
1.68247	-0.70538
1.72491	-0.784687
1.772	-0.909751
1.83233	-0.942124
1.54806	-0.510412
1.91754	-0.50673
1.79295	-0.382845
2.05006	-0.281435
2.17808	-0.517327
1.99036	-0.64362
1.82849	-0.499371
1.72049	-0.456111
1.58486	-0.432599
1.49753	-0.641666
1.29888	-0.37383
0.464603	-0.545291
0.647911	-0.586019
0.918564	-0.724767
0.828517	-0.798236
0.76141	-0.991735
0.808109	-0.780639
0.873521	-0.95748
0.496086	-0.821857
0.480705	-0.876323
0.485211	-1.05828
0.530528	-0.663813
0.772062	-0.898502
0.861703	-1.11345
0.576363	-1.01868
0.619173	-0.723766
0.663142	-0.980971
0.502826	-0.707873
0.877292	-0.910976
0.590801	-0.849916
0.549484	-0.748999
0.463277	-0.984405
0.485321	-0.941146
0.550339	-0.93547
0.575536	-0.933922
0.485632	-0.778351
0.51875	-0.926588
0.720018	-0.573154
-0.129077	-1.06777
0.00622533	-0.834602
0.253503	-0.384421
0.683756	-0.25908
1.80437	0.0511593
1.72911	0.307396
1.477	0.414367
1.73267	0.287765
1.87951	0.208507
1.85902	0.149132
1.76536	0.184812
1.88667	0.0791147
1.75487	0.121727
1.62437	0.0335567
1.73329	-0.517932
1.65452	-0.585858
1.65116	-0.651708
1.67953	-0.641478
1.67506	-0.602427
1.70564	-0.626057
1.73762	-0.61514
1.72202	-0.542841
1.32511	-0.254389
1.44413	-0.357307
1.25503	-0.38401
0.956434	-0.430192
0.675242	-0.318403
1.11184	-0.623065
1.27673	-0.743611
1.16408	-0.719182
1.19938	-0.68793
1.37506	-0.700451
1.42235	-0.696383
1.53641	-0.727296
1.40733	-0.602468
1.41903	-0.530716
1.34625	-0.342375
1.45178	-0.191979
1.55115	-0.0306013
1.918	-0.204391
1.66691	-0.0049091
1.67042	-0.12172
1.37681	-0.479067
1.0702	-0.501069
1.13708	-0.45543
1.0464	-0.605824
0.999866	-0.602322
0.81012	-0.659998
0.679933	-0.752864
0.90809	-0.286983
1.50853	-0.355146
1.8322	-0.474985
1.56419	-0.888465
1.37323	-0.368501
1.6633	-0.589926
1.46114	-0.525032
1.62819	-0.517091
1.77472	-0.682794
1.75353	-0.637636
1.74935	-0.858909
1.62502	-0.853285
2.29493	-0.925758
2.1247	-0.585573
2.10931	-0.445138
2.05564	-0.39914
1.98551	-0.413234
1.81471	-0.223698
2.02915	-0.218655
1.5627	-0.274256
1.23288	-0.402907
1.242	-0.41793
1.16406	-0.428071
0.904029	-0.562359
0.877349	-0.637932
0.476553	-0.737801
0.429075	-0.532405
0.343323	-0.31374
-0.1416	-0.575692
-0.0172048	-0.646481
0.251754	-0.316645
0.357712	-0.17681
0.294512	-0.133348
0.729803	0.0313166
0.760031	-0.152073
0.825083	-0.277904
1.04994	-0.549754
0.831348	-0.447112
0.693733	-0.370697
0.77248	-0.339689
0.830954	-0.313576
1.14469	-0.352409
1.42307	-0.499941
1.77422	-0.556568
1.71807	-0.377921
1.84647	-0.342188
1.70448	-0.307597
1.84415	-0.320787
1.73252	-0.0794577
1.64636	-0.134406
0.912636	-0.155763
0.401865	-0.28508
0.0052483	-0.455981
-0.151639	-0.437972
-0.233258	-0.489564
-0.437891	-0.270269
-0.518762	-0.369577
-0.449796	-0.455
-0.169928	-0.181368
-0.00173229	-0.471139
0.691237	-0.647624
1.14881	-0.476949
1.53259	-0.476102
1.38756	-0.373063
1.22769	-0.363626
1.37226	-0.344268
1.44916	-0.464373
1.61603	-0.365011
1.54332	-0.462205
0.668348	-0.0312751
0.552216	0.353867
0.855224	0.241713
1.57053	0.265915
1.71189	0.201858
1.37332	-0.305403
1.18987	-0.460967
1.02185	-0.499532
0.742066	-0.513496
0.892324	-0.635958
0.767999	-0.710943
0.726675	-0.758294
0.728403	-0.878935
0.804507	-0.876581
0.765807	-0.957501
1.02416	-0.83145
1.40857	-0.555993
1.5896	-0.181786
1.61758	-0.214043
1.80176	-0.391799
1.88058	-0.568242
1.84458	-0.519808
1.85988	-0.495057
1.80409	-0.395106
1.93229	-0.520319
1.91347	-0.654364
2.04399	-0.761974
1.84537	-0.480492
1.24186	-0.0300717
0.759261	0.186481
0.279796	0.276719
0.504719	-0.0168242
1.00883	-0.36142
0.967328	-0.416533
0.625377	-0.331383
0.43581	-0.331261
0.733186	-0.0683829
0.521959	-0.00433718
0.458304	0.337652
0.600393	0.307846
0.742848	0.0015231
0.808664	-0.116825
0.818085	0.12042
1.20542	-0.207155
0.785076	-0.326003
0.648755	-0.537305
0.679542	-0.484284
0.696317	-0.856791
0.654434	-0.855171
0.573555	-0.995044
0.472253	-0.692034
0.40085	-0.814139
0.599145	-0.734153
0.634704	-0.791055
0.528501	-0.941924
0.697466	-0.797388
0.767215	-0.711004
0.705416	-0.549075
0.756255	-0.353453
0.513959	-0.184692
0.306851	-0.619147
0.714523	-0.522255
0.906764	-0.65241
0.627693	-0.719546
0.380187	-0.706365
0.650596	-0.756232
0.671953	-0.802203
0.7418	-0.971988
0.521079	-0.798708
0.576853	-0.77177
0.406953	-0.87007
0.44184	-0.900601
0.593152	-0.850653
0.48152	-0.734636
0.713898	-0.550161
0.387699	-0.798065
0.571421	-0.807279
0.486906	-0.741383
0.479451	-0.805608
0.607736	-0.856943
0.510888	-0.775507
0.570363	-0.836194
0.908758	-0.449921
1.26709	-0.0785852
1.54817	-0.159008
1.59465	-0.641166
1.04542	-1.04932
1.48212	-0.971909
1.61723	-1.05718
1.43425	-1.1914
1.09812	-1.07354
1.01506	-0.977499
1.29045	-0.963691
1.41957	-0.899
1.41018	-0.417773
1.29085	-0.538133
1.11003	-0.487502
1.16849	-0.844695
1.06382	-0.805034
0.442365	-1.04379
0.512752	-0.941298
1.15552	-0.515031
1.00265	-0.497377
0.841884	-0.247439
0.904886	-0.221763
1.02068	-0.217521
1.12587	-0.150245
1.33046	-0.0904361
1.44495	0.193169
1.47597	0.0977294
1.26994	-0.172875
0.896244	-0.270203
0.386112	-0.552985
0.622819	-0.623117
0.834454	-0.620736
1.31525	-0.184338
1.46472	-0.444846
1.2986	-0.295284
1.3353	-0.302485
1.34168	-0.283937
1.28787	-0.158272
1.31762	-0.0816672
1.35767	-0.140754
1.02067	0.211872
0.554847	0.298312
0.193349	0.300144
0.0854878	0.15544
0.412214	0.0641156
0.988768	-0.406627
-0.0660367	-0.24916
0.322317	-0.321169
0.838078	-0.236396
1.45395	0.0422987
1.44849	0.143999
1.44139	0.273317
1.53332	0.182964
1.01731	0.308706
1.4401	0.378772
1.5696	0.271795
1.75226	0.0880219
1.87267	-0.194335
1.819	-0.137196
1.76017	0.00550026
1.81974	0.0224171
2.02465	0.0224375
2.01875	0.00313908
1.92517	0.148789
1.27017	0.281597
1.09215	0.143039
0.553683	-0.0289445
0.147003	-0.116978
-0.243741	-0.0656811
-0.43828	-0.0277116
-0.654172	-0.216513
-0.90511	-0.152087
-0.455299	-0.327909
-0.122993	-0.296073
-0.27399	-0.722966
0.0992771	-0.397324
0.80764	-0.323598
0.746228	-0.400989
0.713751	-0.0962946
0.643441	-0.158611
0.606786	-0.263121
0.600739	-0.31182
0.557846	-0.327394
0.625815	-0.375083
0.840719	-0.517504
0.797174	-0.449966
0.854178	-0.53009
0.927281	-0.58344
0.962836	-0.593214
0.938672	-0.650307
0.810228	-0.590305
0.84083	-0.619189
0.901054	-0.618052
0.972162	-0.618025
1.04418	-0.600722
1.14393	-0.535323
1.32361	-0.464136
1.53824	-0.708151
1.79896	-0.901662
1.81517	-0.831157
1.66979	-0.673048
1.85185	-0.792744
1.79908	-0.748243
1.81182	-0.719663
1.84069	-0.850985
1.98911	-0.84993
1.9456	-0.717493
2.04429	-0.744575
1.97288	-0.76725
1.42628	-0.611364
1.45538	-0.549216
1.63554	-0.568937
1.529	-0.327567
1.65685	-0.23843
1.69247	-0.0518446
1.60912	0.0823139
1.36935	0.321839
0.919243	0.250903
0.411031	0.318466
0.264529	0.274337
-0.041673	0.207618
0.2479	-0.0143085
0.446526	0.168022
1.00268	-0.219238
1.19862	-0.310191
1.20148	-0.482131
1.06047	-0.543138
1.18548	-0.585608
1.20162	-0.565789
1.20975	-0.349019
0.548539	0.229358
0.166951	0.122941
0.971942	-0.158307
1.37827	-0.340599
1.4899	-0.36201
1.43799	-0.138853
1.50097	-0.0417385
1.50967	0.153323
1.68598	0.12394
1.69679	0.0497526
1.73566	0.046544
1.75153	0.0686157
1.81612	0.0633096
1.81559	0.0582675
1.72859	0.0442082
1.77415	0.0112734
1.76076	-0.086852
1.70257	-0.122952
1.62575	-0.211249
1.53645	-0.286009
1.55648	-0.365028
1.64809	-0.395118
1.73905	-0.424582
1.74584	-0.38834
2.02703	-0.400485
2.01412	-0.19608
1.98018	-0.0533891
1.85781	-0.0961642
0.914676	0.185091
0.347436	-0.0641973
-0.0434206	0.0461271
-0.331741	0.247424
-0.586201	-0.238678
-0.441999	-0.349679
-0.348118	-0.409233
-0.186618	-0.440888
0.154317	-0.460795
0.751854	-0.405193
1.50889	0.126874
2.03043	0.107794
1.88158	-0.0282371
1.96665	-0.0659695
1.82705	0.118147
1.85522	0.0429999
1.62361	0.220653
1.63316	0.177678
1.54446	0.178341
1.42297	0.235507
1.44824	0.0739496
1.29498	0.0203913
1.34834	-0.14744
1.25939	-0.24486
0.825598	-0.413738
0.809766	-0.679964
0.839257	-0.585654
0.467528	-0.57693
0.43129	-0.456269
0.531747	-0.176046
0.718177	-0.123145
0.877801	-0.0652515
1.29284	-0.162047
1.76441	-0.14173
1.87164	-0.289034
1.99299	-0.27789
2.05824	-0.310975
1.89094	-0.1052
1.96554	-0.101845
1.85594	0.134713
1.71297	0.0306063
0.800568	-0.271459
-0.170672	-0.0854879
-0.172141	0.0255576
-0.176405	-0.207475
-0.334252	-0.393079
-0.195846	-0.368804
-0.235078	-0.490399
-0.169095	-0.622157
0.0678095	-0.499783
0.319456	-0.505108
0.454877	-0.466675
0.472347	-0.637827
0.67146	-0.40018
0.736418	-0.305223
1.46563	-0.261358
0.502858	-0.345816
-0.560614	-0.169038
-0.738969	0.0321618
0.0574384	0.328079
1.08792	-0.485069
1.14978	-0.45504
1.27006	-0.462985
1.22433	-0.159529
1.21065	-0.17543
0.39108	-0.0279222
-0.152968	0.215035
-0.13669	0.0846319
-0.30561	-0.0528611
-0.492378	-0.111463
-0.324463	-0.107036
-0.424666	-0.15816
0.0229637	-0.141854
0.580972	-0.244787
1.15007	-0.531348
1.09137	-0.633638
0.964475	-0.703668
1.47215	-0.477655
1.75498	-0.721442
1.7168	-0.641766
1.94937	-0.688953
1.89606	-0.870291
2.18961	-0.541507
2.09014	-0.636859
1.56579	-0.671249
1.23271	-0.252512
2.14156	-0.461293
2.2743	-0.792386
1.71077	-0.593968
1.75882	-0.173284
1.76327	-0.663222
1.79975	-0.704658
1.75371	-0.291945
1.71463	-0.266883
1.76242	0.000453939
1.72846	-0.00465711
1.59209	0.200468
1.6019	0.0814586
1.40564	0.265521
1.54451	-0.044594
1.35574	-0.188167
0.949643	-0.0760137
0.924233	-0.318401
0.0643139	-0.0557744
-0.229627	0.0710308
-0.930091	-0.0519143
-0.84304	-0.215753
-0.708351	-0.0226616
-0.698179	-0.161932
-0.689735	-0.238324
-0.627016	-0.120843
-0.515876	-0.145467
-0.83705	-0.352131
-0.613893	-0.286962
-0.325712	-0.486291
-0.12643	-0.489955
0.60366	-0.674211
0.600035	-0.687549
0.67075	-0.753379
0.605639	-0.68009
0.556781	-0.860732
0.637967	-0.725904
0.554852	-0.69729
0.431368	-0.67278
0.406994	-0.775866
0.428526	-0.860649
0.284024	-0.912092
0.474827	-0.890836
0.49402	-0.746043
0.527717	-0.773431
0.780808	-0.791329
0.583469	-0.643219
0.643645	-0.959907
0.756309	-0.671634
0.58291	-0.792605
0.60827	-0.894816
0.508488	-0.733157
0.498028	-0.738201
0.615534	-0.552366
1.01953	-0.0129154
1.32757	-0.0837238
1.20351	-0.204958
0.240752	0.334812
-0.0759853	0.394917
-0.13449	0.307401
-0.025542	0.250331
0.00775702	0.169061
-0.0533635	0.0627294
0.263736	0.0157372
0.26959	-0.21761
0.531524	-0.401308
1.06872	-0.747448
1.35453	-0.835386
1.62346	-0.873195
1.71848	-0.503627
2.01211	-0.332754
1.96197	-0.237419
1.76734	-0.53485
1.82614	-0.447138
1.74302	-0.339766
1.8015	-0.395862
1.55689	-0.0864397
1.40055	0.231993
2.3446	-0.253593
1.90414	0.00912045
1.75039	0.162542
1.59552	0.319578
1.55483	0.410051
1.57756	0.433567
1.64936	0.460927
1.75098	0.426238
1.74001	0.244051
1.66862	0.034973
1.70418	-0.0581401
1.45108	-0.211898
1.26169	-0.140833
-0.319355	-0.476325
0.131379	-0.720016
0.699764	-0.525662
0.6447	-0.430362
1.59458	0.117078
1.23636	0.341631
0.969438	0.450989
0.976118	0.445526
1.022	0.443662
1.07929	0.488574
1.43354	0.132036
1.62841	0.0770281
1.29669	-0.285912
1.23422	-0.417633
0.316491	-0.21955
0.249405	-0.341997
0.491695	-0.665395
1.0567	-0.636109
1.13917	-0.208732
1.59039	-0.196095
1.84345	-0.297416
1.4611	-0.319281
1.41628	-0.308791
1.37308	-0.284349
1.41157	-0.315889
1.49915	-0.608668
1.39507	-0.584163
1.53035	-0.626285
1.70019	-0.626914
1.82928	-0.594292
2.04057	-0.565839
1.98405	-0.437349
2.04025	-0.443584
2.02849	-0.545545
1.93345	-0.528512
1.84634	-0.519018
1.85898	-0.566345
1.9251	-0.602921
1.81742	-0.490596
1.84913	-0.534393
1.77969	-0.517708
1.75438	-0.49494
1.70185	-0.424175
1.64278	-0.302068
1.65411	-0.210149
1.58546	0.14041
1.46174	0.396998
1.46223	0.390669
1.35855	0.43396
1.30271	0.449787
1.28504	0.454164
1.29062	0.480023
1.34005	0.473975
1.36926	0.492823
1.4087	0.474943
1.52446	0.375321
1.70962	0.238297
1.79131	0.213146
1.65448	0.124202
1.77308	0.0893637
1.42454	-0.0427681
1.27479	0.0889764
1.39411	-0.010783
1.70663	-0.238948
1.83009	-0.557986
1.88	-0.692799
1.96504	-0.845211
1.70605	-0.77981
1.50231	-0.615378
1.40315	-0.523877
1.34909	-0.437988
1.11653	-0.235117
1.07577	-0.13504
1.33642	-0.148756
1.53934	-0.165843
1.4935	-0.104284
2.07811	-0.232902
1.9273	0.031523
1.64926	-0.0292757
1.73183	0.0563999
1.57289	0.0446819
1.48163	-0.077568
1.61967	-0.0302137
1.4996	-0.203139
1.63787	-0.0105464
1.3942	-0.237498
1.43034	-0.0598208
1.19324	-0.18079
1.64903	-0.209741
1.46708	-0.349766
1.63231	-0.529379
1.62093	-0.634244
1.6893	-0.702019
1.65163	-0.71924
1.82339	-0.718073
2.10292	-0.794447
2.37971	-0.811254
2.35828	-0.694519
2.23197	-0.724832
1.83805	-0.615156
1.94064	-0.383764
2.09505	-0.456553
1.92065	-0.31365
1.78616	0.0422707
1.73245	0.213651
1.54429	0.00168684
1.42984	-0.192553
0.717496	0.00616812
-0.215148	-0.126785
-0.427295	-0.414928
-0.506834	-0.502551
-0.554077	-0.332211
-0.449746	-0.227967
-0.517952	-0.481414
-0.552943	-0.37877
-0.472741	-0.506818
-0.441219	-0.670651
-0.0762702	-0.533091
0.546954	-0.241121
0.980999	0.209814
1.09041	-0.547052
0.787812	-0.404485
0.921655	-0.321945
1.00207	-0.354176
1.24145	-0.539022
1.32499	-0.256597
1.68653	-0.598943
1.71673	-0.159351
1.39929	-0.0323997
0.741425	-0.11482
0.3632	-0.321092
-0.0262844	-0.183653
-0.23507	-0.0779324
-0.448612	-0.150171
-0.343923	-0.390417
-0.324175	-0.726181
0.249106	-0.59204
0.94511	-0.558405
0.887349	-0.378136
0.761213	-0.448015
0.814529	-0.555279
0.635103	-0.417223
0.581678	-0.330408
0.223404	-0.651702
0.887432	-0.791425
1.53712	-0.392051
1.90464	0.312298
2.02346	0.0320795
1.84135	-0.149302
1.9057	-0.411613
2.06124	-0.565216
1.97927	-0.470372
1.86863	-0.350884
1.84929	-0.198709
1.81806	-0.234077
1.79627	-0.439081
1.83256	-0.485883
1.70037	-0.363807
1.21245	-0.403553
0.506436	-0.26768
0.231912	-0.271098
0.0913276	-0.34631
-0.120913	-0.504315
-0.268809	-0.496214
-0.36766	-0.19758
-0.15553	-0.115426
0.135333	-0.377598
-0.0440444	-0.342853
0.274247	-0.299963
0.949786	-0.178551
0.788317	-0.227342
0.679659	-0.146635
0.984474	0.0287687
1.08924	-0.0283358
0.839399	-0.128846
1.31211	-0.325281
0.922804	-0.47141
0.915949	-0.595448
0.755476	-0.629842
0.640145	-0.57176
0.658159	-0.666582
0.669039	-0.811213
0.641257	-0.642763
1.43949	-0.220135
1.38698	-0.12909
0.937267	-0.494635
1.51548	-0.0886966
1.20033	-0.329729
1.49127	-0.094291
1.74403	0.100992
2.21402	0.385388
2.32392	0.184853
2.22124	0.267771
1.99224	0.380395
1.98876	0.222891
2.07078	0.0153671
1.8401	0.180914
1.89223	0.159206
1.64007	0.153449
1.63373	0.0589462
1.20969	-0.274333
0.984304	-0.535121
0.785424	-0.682576
0.66787	-0.22132
0.580081	-0.56408
0.216046	-0.774714
0.570737	-0.847551
0.617186	-0.741075
0.767695	-0.601878
1.08089	-0.631287
1.30377	-0.124341
1.86499	-0.124067
1.93708	0.0823679
1.82594	-0.246863
1.86271	-0.605149
1.5456	-0.400296
1.51933	-0.270422
2.05695	-0.00147968
2.05216	0.324044
1.97642	0.298814
1.97484	0.321981
1.86774	0.305436
2.02244	0.317465
1.87064	0.356927
1.87725	0.253477
1.91846	0.349542
1.66703	0.203589
1.70433	0.150056
1.39874	-0.27635
1.20705	-0.231126
1.17408	-0.229583
1.28911	-0.115408
1.29641	-0.205525
1.29635	-0.220713
1.0272	-0.247912
1.1859	-0.413689
0.779988	-0.510637
0.896726	-0.68577
0.763187	-0.62352
0.69644	-0.68847
0.5601	-0.74062
0.661731	-0.820361
0.495194	-0.784236
0.558856	-0.877265
0.645445	-0.924527
0.686853	-0.801039
0.540333	-0.909957
0.502354	-0.761697
0.565314	-0.750686
0.393185	-0.783851
0.538882	-0.784862
0.771518	-0.985519
0.583342	-0.792794
1.47232	-0.478918
1.3633	-0.629442
1.36393	-0.587273
1.74477	-0.355601
1.47375	-0.327194
1.2975	-0.412212
1.27146	-0.349083
1.47421	-0.381535
2.09026	-0.972519
1.83041	-0.447349
1.67765	-0.377429
1.73516	-0.264479
1.72698	-0.124221
1.70728	-0.0768103
1.8707	-0.0965458
1.85041	-0.11973
1.90111	-0.19711
1.81334	-0.314241
1.6159	-0.367268
1.3221	-0.359528
1.24417	-0.441144
1.31439	-0.520581
1.42828	-0.629262
1.60727	-0.808434
1.7438	-0.797282
1.97268	-0.660334
2.1454	-0.787781
1.73145	-0.207462
1.79061	-0.138812
1.8174	-0.0797751
1.81986	0.0327275
1.99371	-0.0714471
0.298375	0.00109919
0.285505	-0.119054
-0.331691	0.337191
-0.489119	0.376239
-0.405429	0.102967
-0.342299	-0.213834
-0.0843747	-0.268055
0.586438	0.193562
0.95372	0.246106
1.18687	0.169107
1.05441	0.432157
0.988312	0.434403
0.813312	0.458747
0.920967	0.414626
0.801116	0.507492
0.689229	0.591145
0.516608	0.645029
0.390528	0.844152
0.575575	0.748386
0.535603	0.686471
0.594296	0.57711
0.852809	0.399957
1.03464	0.297908
0.878204	0.234292
0.828787	0.155204
1.18843	-0.212881
1.32567	-0.222035
1.73517	-0.475481
1.57147	-0.367519
1.57105	-0.581685
1.62849	-0.89742
1.45285	-0.915872
1.27507	-0.796317
1.27162	-0.877736
1.11837	-0.811448
0.958175	-0.702624
0.978323	-0.668576
1.04975	-0.638877
0.787524	-0.527395
0.549534	-0.451387
0.378152	-0.36532
0.373967	-0.390223
0.37391	-0.432129
0.471371	-0.518767
0.591449	-0.612218
1.0206	-0.665607
1.0102	-0.592564
1.46501	-0.406864
1.54017	-0.254983
1.65849	-0.197321
1.82261	0.025194
1.97539	0.0802939
1.90155	0.0679996
1.8646	0.328114
1.99223	0.3861
2.26905	0.207503
1.97502	0.54264
1.86067	0.693225
1.81087	0.681028
1.82404	0.621456
1.98664	0.154412
1.77171	-0.0550625
1.66945	-0.0735094
1.62764	-0.196155
0.963391	-0.164153
0.547573	-0.217555
-0.05887	-0.300904
-0.400937	-0.259854
-0.698737	-0.255297
-0.553355	-0.360359
-0.722496	-0.115202
-0.255836	-0.179088
-0.20386	-0.313524
0.28508	-0.404264
1.12427	-0.497061
1.70235	-0.396169
1.62105	-0.270293
1.80199	-0.505533
1.84643	-0.708418
1.89467	-0.663951
1.99628	-0.602116
2.04742	-0.591457
2.06877	-0.713534
2.1543	-0.59221
2.0895	-0.296276
2.0436	0.0566795
2.0841	0.121285
1.90534	-0.0563592
1.39481	-0.109991
1.47052	-0.360123
1.19745	-0.271076
1.07226	-0.474099
0.946495	-0.630532
0.990494	-0.149678
1.33992	0.270418
1.16312	-0.195054
1.16769	-0.575664
1.45994	-0.346835
1.33908	-0.393803
1.79418	0.179367
1.82644	0.174332
1.58594	0.0367689
1.9091	-0.36279
1.8417	-0.585534
1.72236	-0.665619
1.58355	-0.616125
1.67603	-0.762136
1.55544	-0.74559
1.38091	-0.63277
1.22701	-0.391932
1.29304	-0.402509
1.75278	-0.728435
1.60963	-0.731289
1.58952	-0.783767
1.35888	-0.693727
1.31423	-0.838192
1.43611	-0.43123
1.56819	-0.43453
1.48344	-0.601956
1.32034	-0.417067
1.29549	-0.567716
1.5425	-0.542978
1.43631	-0.664563
1.17287	-0.614598
1.2767	-0.564459
1.00491	-0.617723
1.07092	-0.698845
1.03619	-0.481758
1.16175	-0.84964
0.972088	-0.688989
0.827522	-0.684971
0.96459	-0.706955
0.79799	-0.584619
0.712503	-0.960366
0.640982	-0.598653
0.608228	-0.731359
0.779779	-0.699754
0.556756	-0.712498
0.547489	-0.909856
0.419711	-0.625918
0.382869	-0.704062
0.609688	-0.646138
0.416937	-0.692204
0.471476	-0.933188
0.536289	-0.991847
0.672298	-0.767596
0.665428	-0.651853
0.65605	-0.796986
0.681803	-0.767968
1.14544	-0.385544
1.63163	0.0778428
1.59677	-0.360716
1.54986	0.0173535
1.38616	-0.102606
1.5281	-0.229043
1.34697	-0.148179
2.05391	-0.568984
2.03975	-0.435145
1.82923	-0.270763
1.8101	-0.15681
1.74767	-0.239325
1.80557	-0.110513
1.76634	-0.142516
1.58347	-0.127491
1.32537	-0.0681841
1.29268	-0.142434
1.17693	-0.197665
1.05279	-0.199064
1.01594	-0.467511
0.883464	-0.23415
0.874281	-0.209816
0.920802	-0.130973
1.17389	-0.239008
1.31542	-0.0170004
1.16219	-0.0358955
1.05739	-0.11717
0.640766	-0.343691
0.377276	-0.678912
0.413313	-0.892594
0.418892	-0.843186
0.742679	-0.961562
1.18473	-0.607028
1.64684	-0.233083
1.75941	0.0674592
2.00598	0.0959259
1.71096	0.302834
1.65121	0.33174
1.49542	0.325211
1.38501	0.0310122
1.02713	-0.017022
0.704821	-0.199601
0.11921	-0.534573
-0.278385	-0.280161
-0.267116	-0.470864
-0.667566	-0.418756
-0.69697	-0.338472
-1.00954	-0.285166
-0.962466	-0.100577
-0.995921	-0.310905
-0.719935	-0.367244
-0.794582	-0.388056
-0.903105	-0.527462
-0.668217	-0.535499
0.136121	-0.654728
1.25355	-0.43008
1.02041	-0.422907
0.990375	-0.258819
1.02654	-0.202866
1.04643	-0.149899
1.09887	-0.145626
1.19961	-0.173149
1.30322	-0.147151
1.35245	-0.126119
1.50725	-0.0767635
1.58502	-0.073522
1.64133	-0.0271837
1.69828	0.0670273
1.79381	0.038553
1.78225	0.0257202
1.88126	-0.0785049
1.8966	0.0354598
1.91197	0.145519
1.99861	0.106252
1.96801	0.233841
1.89789	0.226799
1.88334	0.174801
1.95966	0.0437086
1.93124	0.0530172
1.95818	0.0645649
1.95106	0.122275
1.66281	0.236438
1.36917	-0.131175
1.61499	-0.186654
1.94338	0.145985
1.85238	0.198173
1.2176	0.193305
0.8393	0.0112529
0.175335	0.297517
-0.249091	0.0899786
-0.594613	0.159187
-0.780302	0.117746
-0.781827	-0.0295877
-0.683949	-0.3702
-0.498438	-0.348025
-0.237962	-0.483356
-0.339311	-0.510618
0.00556864	-0.337265
0.312921	-0.509729
0.577826	-0.424178
1.31279	0.101775
1.55897	0.0286584
1.85921	-0.0122419
2.08203	0.0568679
2.10556	-0.0633801
2.10688	-0.204718
1.75333	-0.566786
1.75905	-0.655522
1.74929	-0.624443
1.79266	-0.652811
1.71537	-0.572888
1.72065	-0.613077
1.70321	-0.623362
1.66976	-0.57038
1.81749	-0.635843
1.90315	-0.598242
1.75625	-0.47979
1.53385	-0.318209
1.74028	-0.453041
1.66196	-0.439834
1.08678	-0.335548
0.985331	-0.516515
1.01138	-0.604644
0.975877	-0.651282
0.792386	-0.642043
1.12137	-0.844173
1.3052	-0.782621
1.41813	-0.825039
1.54985	-0.958241
1.48218	-0.884057
1.59424	-0.22965
1.32735	-0.00106243
1.31183	-0.297579
1.30705	-0.290609
1.22166	-0.28954
0.0260081	-0.219265
-0.0239429	-0.154643
-0.673104	0.224906
-0.594588	-0.0863323
-0.467814	-0.495827
-0.361214	-0.717378
0.0225329	-0.400063
0.14648	-0.316316
1.35646	-0.141959
1.71212	-0.298357
1.65804	-0.0194598
1.48145	0.0549282
1.6573	-0.201431
1.84762	-0.489793
1.66874	-0.463345
1.56755	-0.354346
1.68941	-0.228723
1.66733	0.146444
1.43503	-0.00191108
1.26382	-0.16514
0.571966	-0.662094
0.445433	-0.830599
0.926866	-0.653232
1.18345	-0.299226
1.36077	-0.333378
1.44741	-0.456429
2.02253	-0.757715
1.97741	-0.707073
1.93841	-0.4794
2.03584	-0.372999
1.87004	-0.346778
1.89252	-0.473183
1.97159	-0.57809
1.92927	-0.551419
1.99904	-0.586034
1.93425	-0.572798
1.7862	-0.328519
1.44769	-0.00120412
1.0197	0.196773
0.745292	0.197685
0.499947	0.265876
0.46017	0.269786
0.682919	0.103324
0.98535	-0.0515074
1.27604	-0.140779
1.54494	-0.191754
1.6528	-0.223531
1.7467	-0.341139
1.67492	-0.326435
1.71998	-0.455254
1.78424	-0.843858
1.66015	-0.820481
1.59556	-0.7767
1.68737	-0.859474
1.77667	-0.924523
1.70908	-0.864944
1.8352	-0.827951
2.01278	-0.666006
1.94392	-0.515637
1.85587	-0.667907
1.7692	-0.663167
1.85179	-0.682196
1.91885	-0.601708
2.06204	-0.555255
2.18565	-0.573106
2.1086	-0.626944
2.17547	-0.537739
2.17568	-0.337095
2.09901	-0.0600033
2.07627	0.105273
1.85048	0.0065347
1.58711	-0.00188528
1.5672	-0.0992642
1.37069	-0.187825
1.11857	-0.265952
1.07173	-0.407667
0.706668	-0.654631
0.652629	-0.966371
0.401187	-0.735343
0.229275	-0.669734
0.291798	-1.1291
0.579348	-0.586225
1.12249	-0.45897
0.917159	-0.116722
0.810375	-0.0278005
0.816286	-0.000560624
0.919054	0.048013
1.03766	0.0760622
1.20988	0.00182998
0.976987	-0.0813601
0.849485	-0.110496
0.671358	-0.246863
0.631348	-0.39768
-0.152726	-0.203234
-0.212187	-0.376505
-0.103104	-0.625908
-0.256518	-0.732517
-0.0806601	-0.824699
0.31713	-0.577716
0.711358	-0.545851
1.33432	-0.0155718
1.91701	-0.0313215
1.8367	0.1695
1.91809	0.0839836
1.79296	-0.0879487
2.02254	-0.365464
1.97878	-0.341302
1.99387	-0.196711
1.77466	0.129224
1.71935	0.152273
1.52761	0.134477
0.515164	0.187286
-0.0315603	-0.06121
-0.642427	0.0147931
-0.945506	-0.114584
-1.02961	-0.0302178
-1.02275	-0.10773
-1.08571	-0.256575
-1.05662	-0.0586942
-0.675193	0.00628063
-0.419689	-0.21198
0.143316	-0.402645
0.712983	-0.516853
1.22774	-0.0117196
1.55333	-0.0225653
1.67739	0.117007
2.09578	-0.201038
2.16875	-0.369947
2.09926	-0.376035
1.77038	0.0244928
1.56063	0.367619
1.41244	0.448348
1.45795	0.471644
1.39718	0.487469
1.62977	-0.0406424
1.29715	-0.421674
1.27453	-0.464051
1.05173	-0.379371
1.00977	-0.5917
1.05311	-0.574541
1.28642	-0.232739
1.8845	-0.0137931
2.05206	0.496435
2.10127	0.340513
2.22141	0.0399431
2.12467	0.0543498
2.10901	-0.194231
2.0728	-0.135893
2.00801	-0.0592483
1.95319	-0.167281
2.04206	-0.142177
1.97785	-0.0721301
1.99183	-0.0919667
1.90477	-0.0644974
1.99193	-0.0233942
1.672	0.246194
1.44744	0.44066
1.15869	0.210991
1.11359	0.0402136
1.33574	-0.249241
1.11286	-0.285468
0.718487	-0.410295
0.945346	-0.713378
1.36307	-0.814279
1.43899	-0.812581
1.34003	-0.772156
1.23526	-0.736673
1.2091	-0.734962
1.21171	-0.729788
1.28038	-0.680594
1.57964	-0.147363
1.53865	-0.278326
1.56194	-0.334874
1.29346	-0.192905
1.37174	-0.212904
1.63885	-0.39211
1.76033	-0.428011
1.64278	-0.393696
1.48123	-0.339948
1.47721	-0.210932
1.55097	-0.245912
0.85765	-0.318859
0.232692	-0.510801
-0.245503	-0.422747
-0.38078	-0.394353
-0.522989	-0.295005
-0.546874	-0.233416
-0.525807	-0.339192
-0.622544	0.0500441
-0.41389	-0.0823562
-0.770158	-0.30245
-0.594721	-0.255127
-0.734185	-0.373013
0.930164	-0.66452
0.637869	-0.714029
0.661353	-0.76144
0.430312	-0.718759
0.674142	-0.862573
0.585842	-0.849978
0.728676	-0.592359
0.764768	-0.636054
0.831056	-0.57048
0.93458	-0.692803
1.10184	-0.271384
1.46444	-0.209158
1.92171	0.193193
1.99025	0.247352
1.982	0.306771
1.96239	0.408036
2.21505	0.274102
1.90041	0.098026
1.85775	-0.273122
1.98031	-0.411656
1.94469	-0.360798
2.04095	-0.538307
2.00729	-0.44401
2.16928	-0.429725
2.62782	-0.396482
2.59777	-0.624068
2.14526	-0.481635
2.20056	-0.675069
2.44597	-0.833264
2.35309	-0.645316
2.22649	-0.405468
2.40488	-0.253815
2.45521	-0.176586
2.44934	-0.236298
2.20336	-0.119953
2.21921	-0.098756
2.15842	0.0547253
2.10681	-0.0443914
1.51845	-0.0594791
0.626793	-0.385462
0.218633	-0.519146
0.557947	-0.515877
0.45054	-0.575604
0.270386	-0.316631
0.474751	-0.259202
1.64947	-0.314219
2.00198	-0.253786
2.06827	-0.210808
1.84568	0.103851
1.64715	0.171513
1.75399	0.0743026
1.98074	-0.221757
1.98894	-0.31604
1.89501	-0.392237
1.57848	-0.270671
1.40747	-0.324458
1.15194	-0.328298
0.958116	-0.384354
0.809318	-0.496172
0.926639	-0.568666
1.39883	-0.46362
2.05103	-0.107881
1.96406	-0.223518
1.97146	-0.34797
1.99879	-0.236552
1.72233	-0.00322962
1.74279	0.0149827
1.72357	0.184628
1.49395	0.0305789
0.571747	-0.191085
0.0613858	0.00558296
-0.220748	-0.185486
-0.536007	-0.344654
-0.799712	-0.513774
-0.99148	-0.314878
-1.05268	-0.344529
-0.617549	-0.460261
-0.273353	-0.585341
-0.27501	-0.56296
-0.08169	-0.659492
0.351365	-0.708146
0.456099	-0.623568
0.41371	-0.966625
0.384791	-0.824784
0.954117	-0.386682
0.657114	-0.189453
0.814308	-0.496071
0.810883	-0.507667
1.15482	-0.654882
0.995959	-0.605099
-0.0945644	-0.144112
0.830484	-0.464728
1.23081	-0.651406
1.13783	-0.751758
1.19472	-0.785988
1.06636	-0.652988
1.18558	-0.646738
1.27423	-0.659833
1.30319	-0.609134
1.47916	-0.625349
1.87825	-0.662954
1.86878	-0.41282
1.56718	-0.00666067
1.46501	0.00779212
1.47242	-0.0192778
1.53185	-0.25583
1.48514	-0.178159
1.28838	-0.413413
1.25665	-0.55176
1.24308	-0.477327
1.00111	-0.563205
0.852331	-0.458509
0.623536	-0.218015
1.45253	-0.29529
1.76823	-0.31182
1.66931	-0.347038
1.80447	-0.613433
2.06366	-0.584106
1.88625	-0.346521
1.9877	-0.1022
1.94749	0.0248303
1.85677	0.0708574
1.43356	-0.23831
1.38364	-0.415384
1.30434	-0.421793
1.03094	-0.608964
0.925121	-0.653518
0.612773	-0.828451
1.01041	-0.662572
1.23174	-0.583963
2.1857	-0.645816
1.94462	-0.71209
1.78534	-0.614634
1.79564	-0.433949
1.95165	-0.520629
2.05807	-0.789712
1.97918	-0.827497
1.95958	-0.795592
2.02527	-0.808607
1.9553	-0.649975
1.91846	-0.376895
1.6459	-0.280835
1.65057	-0.48807
1.5239	-0.607132
1.48964	-0.723092
1.46861	-0.765188
1.57331	-0.85103
1.80307	-0.94118
1.74792	-0.780459
1.76521	-0.475765
1.79308	-0.142995
1.70095	-0.35189
1.56108	-0.371855
1.25126	-0.735221
0.746579	-0.856752
0.527643	-0.860728
0.549947	-0.452019
0.721372	-0.305246
0.53757	-0.0622072
0.192928	-0.196997
0.0739386	-0.147643
0.163689	-0.162476
0.577562	-0.224174
1.08296	0.00278184
1.54775	-0.0908308
1.4334	0.0337288
1.55119	0.12442
1.57095	-0.103645
1.38691	-0.069653
1.39557	-0.0722019
1.3242	-0.120751
1.41454	-0.120416
1.29316	-0.204125
0.941297	-0.432354
0.763497	-0.744849
1.38565	-0.522943
1.62058	-0.560555
2.12329	-0.820108
1.8993	-0.55758
1.89811	-0.416918
1.94266	-0.293354
2.09043	-0.0593094
1.96579	0.0691981
1.90806	-0.0626998
1.61189	-0.287103
1.36787	-0.788045
1.29599	-0.597902
1.10715	-0.426945
1.06064	-0.490771
0.632557	-0.36923
0.398146	-0.515884
0.419361	-0.533223
0.916281	-0.882605
1.13569	-0.595242
1.48683	-0.253489
1.62003	0.0642387
2.15784	0.27021
2.14328	0.30997
1.73961	0.175681
1.91232	-0.408764
1.78163	-0.452084
1.92362	-0.529537
1.90666	-0.56221
1.86435	-0.632657
1.72183	-0.533434
1.8332	-0.694402
1.88635	-0.625444
1.87643	-0.633017
1.93187	-0.672879
1.95939	-0.706174
1.93321	-0.702267
1.65475	-0.420994
1.68856	-0.366622
1.51592	-0.320138
1.62461	-0.41369
1.97237	-0.709806
2.1077	-0.735557
2.08176	-0.775922
1.5315	-0.386463
1.54793	-0.488143
1.3423	-0.441363
1.33107	-0.46593
1.34164	-0.629257
1.50703	-0.808871
1.44973	-0.715691
1.36956	-0.568429
1.31565	-0.355165
1.42872	-0.287569
1.73261	-0.347623
1.71539	-0.00323575
1.52631	0.283994
1.48455	0.207347
0.711767	0.442658
0.242133	0.230208
-0.617171	0.267317
-0.721267	0.386668
-0.910014	0.139217
-0.681108	-0.167989
-0.521965	-0.0531748
-0.610576	0.151082
-0.367053	0.0087511
0.58988	-0.442045
1.76995	0.0704856
1.74951	0.0806651
1.71482	0.0247107
1.83678	-0.128664
1.97896	-0.365719
1.91802	-0.211766
1.96303	-0.110962
1.48479	-0.0428875
1.17035	-0.396507
0.364757	-0.742428
0.487251	-0.610748
1.00012	0.0281453
1.2383	0.258599
1.60132	-0.211409
1.94616	-0.430023
1.7895	-0.536563
1.67447	-0.566218
1.61935	-0.583807
1.74273	-0.737304
1.9876	-0.958611
1.97259	-0.985171
1.93977	-0.976913
1.92721	-0.974066
1.91761	-0.957256
1.99455	-1.05333
1.98252	-1.03705
2.0412	-0.595381
1.88494	-0.684022
1.92058	-0.283688
1.79161	-0.771755
1.7113	-0.26195
1.74021	-0.68633
1.92634	-0.273367
1.86963	-0.481008
1.70973	-0.227814
1.60267	-0.106472
1.70883	-0.216089
1.59704	-0.130776
1.34493	-0.21662
1.28443	-0.325148
1.03601	-0.490739
0.833678	-0.544868
0.400619	-0.644059
0.121144	-1.13216
0.672856	-0.920974
0.855747	-0.741375
0.726396	-0.665646
0.578672	-0.735605
0.730607	-0.717656
0.699499	-0.700746
0.418502	-0.794463
0.557168	-0.731521
0.56622	-0.760969
0.628106	-0.737569
0.554744	-0.687055
0.775394	-0.767161
0.510491	-0.692046
0.415193	-0.604115
0.490566	-0.613684
0.47085	-0.810429
0.519268	-0.836219
0.49848	-0.706896
0.36604	-0.628556
0.933459	-0.411506
1.85668	0.287875
1.90873	0.0935892
1.9862	-0.115013
1.91645	-0.225073
1.75872	-0.235326
1.72002	-0.417759
1.55551	-0.298061
1.64292	-0.302843
1.66229	-0.299889
1.69478	-0.29672
1.65194	-0.323815
1.60603	-0.300929
1.59721	-0.248014
1.64217	-0.255289
1.64184	-0.210889
1.66829	-0.214566
1.73113	-0.203218
2.09049	0.0771227
2.13765	0.175824
1.93051	0.372382
1.78171	0.499831
1.24018	0.616574
0.338241	0.335958
-0.128508	-0.0362804
-0.530992	-0.274258
-0.777041	-0.147614
-0.825488	-0.358531
-0.555031	-0.285659
-0.577997	-0.395147
-0.253297	-0.499902
-0.0188497	-0.436562
0.448154	-0.595701
1.26264	-0.788342
2.01264	-0.751909
1.67315	-0.542062
1.59045	-0.813666
1.30115	-0.911719
0.889755	-0.816857
0.630359	-0.749691
0.335778	-0.549728
0.0653812	-0.355864
-0.13302	-0.123277
0.00576917	-0.00748074
1.39904	0.0299797
1.60407	0.0257864
1.38653	0.0531764
1.6241	-0.0249475
1.42901	0.0693089
1.29153	-0.00648103
1.2829	-0.0811345
1.17919	-0.0232863
1.46041	-0.147663
0.886984	-0.407376
0.997039	-0.723783
1.45384	-0.529572
1.76754	-0.787653
1.94506	-0.80098
2.02365	-0.77633
2.04014	-0.716859
1.82291	-0.677016
1.56971	-0.593761
1.36285	-0.537774
1.4487	-0.633826
1.36957	-0.590398
1.56739	-0.61175
1.71033	-0.694094
1.59887	-0.470802
1.54256	-0.250064
1.89687	-0.317471
1.5949	-0.38278
1.43468	-0.355243
1.5255	-0.224216
1.56481	0.0428177
1.31826	-0.283568
1.36676	-0.247715
1.49072	-0.400615
1.51757	-0.151761
1.75953	-0.0319446
1.75793	-0.366482
2.01494	-0.186768
2.15208	-0.440284
2.05879	-0.442688
2.0711	-0.310954
1.98373	-0.378695
1.86608	-0.222681
1.75998	-0.00159345
1.67378	0.0249879
1.79287	-0.0376709
1.60543	-0.327125
1.70816	-0.649019
1.65546	-0.627014
1.7301	-0.735332
1.75308	-0.834392
1.82372	-0.887881
1.55756	-0.643403
1.41717	-0.294035
2.08564	-0.607336
1.98061	-0.44051
2.02941	-0.501771
1.98975	-0.524125
1.86974	-0.535829
2.13678	-0.265608
1.75064	-0.0027687
0.6181	-0.0154643
0.0412063	0.0339988
-0.326441	-0.0363046
-0.617668	-0.0669371
-0.896125	-0.271295
-1.16486	-0.42148
-1.09751	-0.535088
-0.979797	-0.352026
-0.728835	-0.371966
-0.125987	-0.449579
0.401872	-0.434749
1.06454	-0.352613
1.31372	-0.273259
1.56614	-0.435232
1.64928	-0.446469
1.86295	-0.579439
1.66765	-0.336168
1.66113	-0.408721
1.589	-0.419376
1.52947	-0.412813
1.68921	-0.531604
1.82142	-0.732476
1.88708	-0.719833
1.86523	-0.590239
1.84038	-0.413975
1.87792	-0.186369
1.94788	-0.245325
1.97966	-0.400807
1.17869	-0.816773
0.557353	-1.08792
1.26448	-0.967351
1.86865	-0.523608
1.62995	-0.0880125
1.75149	-0.264059
2.02552	-0.112609
2.05623	-0.0681825
2.22323	-0.348553
1.94452	-0.406452
1.86268	-0.27629
1.69523	-0.306372
1.50019	-0.237791
1.34928	-0.100568
0.974024	-0.39191
0.517134	-0.183889
0.115257	-0.133574
-0.127054	-0.204936
-0.121733	-0.241588
-0.0550358	-0.253968
-0.0721761	-0.287851
-0.210564	-0.0829778
0.00483063	-0.178406
0.30825	-0.10073
0.362746	-0.0919935
0.602011	-0.00989554
0.619937	-0.13985
0.665431	-0.307071
0.762452	-0.285511
0.870424	-0.223154
1.16407	-0.455981
1.18015	-0.667551
0.982884	-0.7681
1.05949	-0.569012
0.993792	-0.746291
1.3731	-0.575338
1.01436	-0.604864
1.22361	-0.512374
1.29435	-0.523963
1.24909	-0.592233
1.14624	-0.53906
1.03828	-0.847395
0.764773	-0.742533
0.555609	-0.66282
0.749173	-0.630117
0.935954	-0.663125
0.780893	-0.66002
0.718578	-0.707897
0.636081	-0.848917
0.537558	-0.519732
0.615723	-0.745349
0.625329	-0.76006
0.508675	-0.720409
0.709208	-0.721637
0.499273	-0.636174
0.629803	-0.877952
0.483653	-0.784374
0.466539	-0.850665
0.484035	-0.873778
0.388423	-0.982683
0.51902	-0.755423
0.638248	-0.696694
0.573755	-0.863962
0.614272	-0.871673
0.642029	-0.682565
1.27248	-0.337995
1.09867	-0.486682
0.8264	-0.431596
1.06269	-0.29579
1.4075	-0.285206
1.27233	-0.349456
0.931029	-0.409906
1.28764	-0.298521
1.24687	-0.0844452
0.625747	0.20279
0.172325	0.0575081
-0.277744	-0.01033
-0.560494	-0.102893
-0.450395	-0.0760569
-0.67747	-0.379754
-0.494108	-0.466008
-0.268546	-0.476702
0.0845411	-0.36549
1.16862	-0.0999242
1.16398	-0.279318
1.29213	-0.294832
1.37317	-0.35513
1.3623	-0.350341
1.53074	-0.551723
1.61373	-0.579219
1.61578	-0.577084
1.73904	-0.409625
1.97766	-0.0534456
2.04867	-0.0217321
2.09979	-0.108913
2.06611	0.0422136
2.10092	-0.0205363
1.96063	0.192686
1.82661	0.295932
1.9476	0.0726056
1.79501	0.203457
0.872332	-0.390238
0.843137	-0.634513
0.586176	-0.780667
0.778599	-0.948316
1.05215	-0.975477
1.26051	-0.779579
1.32451	-0.604509
1.38897	-0.484801
1.40762	-0.420466
1.40517	-0.328304
1.41923	-0.194558
1.47114	-0.144453
1.46935	-0.0385504
1.59886	0.0123973
1.69382	0.0869009
1.78516	0.047309
1.69571	-0.151862
1.62822	-0.218222
1.29276	-0.325362
1.11116	-0.297701
1.35228	-0.146096
1.40152	0.0329037
1.29719	0.0587621
1.3112	-0.0469395
1.37775	-0.124804
1.48726	-0.140701
1.574	-0.124873
1.70905	-0.20734
1.94955	-0.388881
2.10097	-0.524872
1.98571	-0.31113
1.99071	-0.222036
1.83246	-0.0318598
1.99689	-0.0344092
1.91776	-0.0305406
1.60787	0.0668522
1.22113	0.0254515
1.20245	-0.353865
0.902823	-0.412125
0.0207718	-1.07002
0.0784526	-0.790212
0.149294	-0.422452
1.37952	-0.584971
1.12958	-0.405223
1.19313	-0.242505
1.51973	-0.342055
1.84603	-0.376824
1.94399	-0.346663
1.88104	-0.254524
1.97219	-0.353091
2.08179	-0.529403
2.03129	-0.644095
2.08509	-0.773885
2.02333	-0.745661
1.99841	-0.799933
2.0155	-0.76414
1.95689	-0.46295
1.91892	-0.405639
1.77021	-0.463487
1.74911	-0.596193
1.52999	-0.474797
1.25832	-0.370472
0.96461	-0.286134
0.833186	-0.265074
0.621632	-0.170553
0.474863	-0.132385
0.400191	-0.299846
0.00844038	-0.195547
-0.0877897	-0.142695
-0.0971503	-0.127868
-0.156954	-0.107917
-0.153602	-0.116406
-0.0760942	-0.151293
0.0844454	-0.192287
0.207941	-0.239014
0.7081	-0.455414
1.10683	-0.70568
1.16777	-0.751382
1.16228	-0.77594
1.37545	-0.841046
1.53912	-0.800123
2.01392	-0.674215
2.29095	-0.655405
2.07034	-0.532286
1.97739	-0.259164
1.91991	-0.103813
1.96443	-0.205375
1.77921	-0.154392
1.72887	-0.275874
1.55495	-0.0473937
1.48799	-0.149373
1.36251	-0.199317
1.26453	-0.272716
1.17679	-0.506839
1.13116	-0.630042
0.839419	-0.686608
0.799498	-0.613446
0.715064	-0.754354
0.789759	-0.615332
1.02458	-0.366259
1.92043	-0.337591
1.83387	-0.377648
1.71678	-0.68188
1.92071	-0.857403
1.59352	-0.700846
1.73996	-0.801467
1.99148	-0.856805
2.21006	-0.616667
1.56339	-0.252045
1.60954	-0.529744
1.42059	-0.405141
1.31406	-0.415677
1.04982	-0.535268
0.89634	-0.601299
-0.164661	-0.451401
-0.727497	0.308459
-0.862081	0.418515
-0.456344	0.191018
-0.540928	-0.401831
-0.300019	-0.572209
-0.231141	-0.457614
0.168987	-0.705825
0.221939	-0.580884
0.482719	-0.433715
0.401921	-0.629164
0.358794	-0.898062
0.444497	-0.550062
0.689395	-0.53146
1.23785	-0.0304215
1.5523	0.182436
1.29774	0.211203
1.36721	0.162291
1.20004	0.103625
0.963	0.161357
0.890147	0.17202
0.23279	0.4046
-0.391041	0.069941
-0.606876	-0.0766569
-0.665802	0.132443
-1.03455	0.010791
-0.960231	0.0375043
-0.982594	-0.107219
-0.841198	-0.15331
-0.722324	-0.188019
-0.534548	-0.396363
0.0711577	-0.367909
0.627967	-0.31585
0.678877	-0.228227
0.676751	-0.274906
0.563924	-0.287639
0.622988	-0.438021
1.08208	-0.488358
1.31061	-0.617956
1.46101	-0.685777
1.80936	-0.657122
1.6794	-0.0089594
1.63879	-0.0532283
1.76091	0.0288634
1.64511	0.140391
1.55087	0.127376
1.55932	-0.00483305
1.52121	0.0234069
1.5307	-0.158108
1.1688	-0.302682
1.35722	-0.477237
1.91209	-1.02453
1.8274	-0.827036
1.89167	-0.722228
1.75987	-0.578363
1.55386	-0.391937
1.55347	-0.264708
1.37109	-0.14568
1.268	-0.146798
1.69661	-0.287144
1.72986	-0.362587
1.51914	-0.184746
1.59534	-0.218959
1.7364	-0.139997
1.75522	-0.249431
1.66701	-0.223306
1.73161	-0.207181
1.52484	-0.127782
1.50288	-0.136943
1.33674	-0.201009
1.52281	-0.203974
1.22039	-0.339235
0.240679	-0.0842227
-0.149312	-0.267624
-0.437129	-0.255997
-0.640262	-0.173238
-0.802722	-0.402028
-1.2078	0.0784257
-1.09513	0.00540413
-0.749711	-0.114372
-0.898367	0.0425897
-0.99258	-0.0112443
-0.889512	0.0718292
-0.742519	0.102258
-0.467646	0.209891
-0.609161	0.173001
-0.523636	0.0421329
-0.0359614	0.0937986
-0.069378	0.0274007
0.168051	-0.209262
0.384405	-0.385042
0.561573	-0.451844
0.585269	-0.717304
0.608683	-0.60052
0.623909	-0.624011
0.557032	-0.635289
0.809289	-0.763595
0.614271	-0.635717
0.713859	-0.766751
0.477127	-0.748052
0.499351	-0.718248
0.534501	-0.77161
0.394889	-0.800826
0.549478	-1.03097
0.539543	-0.876967
0.498196	-0.870536
0.444921	-0.846362
0.701256	-1.00946
0.603081	-0.920088
0.441655	-1.05751
0.573567	-1.06781
0.506432	-0.9298
0.500095	-1.01298
0.542253	-0.912586
0.335895	-0.898312
0.532865	-1.00983
0.676075	-0.7938
0.678265	-1.06418
0.675685	-0.930974
1.05626	-0.305762
0.683704	-0.615903
0.597101	-0.00889395
0.692424	-0.115888
1.02303	-0.200172
1.09464	-0.223959
0.765048	-0.447359
-0.0747539	0.531132
-0.269751	0.502188
0.0444343	0.387245
-0.180347	0.508161
0.106005	0.27726
0.0757357	0.376549
0.0746474	0.395983
0.152755	0.388927
0.195856	0.309865
0.196301	0.463953
0.78198	-0.184237
0.858547	-0.163542
1.03743	-0.467262
0.907427	-0.591482
0.668045	-0.494603
0.703644	-0.430481
-0.421586	-0.767491
-0.421647	-0.439479
0.138683	0.227467
0.256318	-0.254766
0.535792	-0.306786
0.737217	-0.325548
0.914185	-0.50123
1.04256	-0.554838
1.16689	-0.770164
1.19637	-0.849795
1.23599	-0.871918
1.0767	-0.706132
0.955793	-0.520469
0.852728	-0.247702
0.773824	0.0596788
0.948393	0.29323
1.45099	-0.0918041
1.88462	-0.220963
1.88131	-0.174174
1.73829	-0.0798194
1.82162	-0.118792
1.48469	0.0328802
0.860851	0.0662058
0.575382	-0.023858
0.698151	-0.25721
0.948482	-0.39488
1.22768	-0.557878
1.0873	-0.432541
1.22706	-0.59676
1.22281	-0.403187
1.2478	-0.369475
1.35131	-0.312517
1.34069	-0.148711
1.50307	-0.270733
1.82221	-0.448303
1.59223	-0.227382
0.991118	0.0242193
0.466791	-0.350384
0.0735906	-0.438433
0.0170219	-0.454589
-0.253727	-0.526754
-0.149096	-0.629091
0.264603	-0.534205
0.632043	-0.583927
0.995696	-0.697095
2.12722	-0.557685
2.00104	-0.442393
1.96497	-0.4611
1.95085	-0.556263
2.04361	-0.734952
2.16474	-0.763729
2.04047	-0.547702
2.01298	-0.273672
1.66551	-0.234476
1.93551	-0.402867
1.80515	-0.352267
1.79698	-0.398908
1.95557	-0.6785
2.06832	-0.785611
1.98988	-0.724562
1.90177	-0.782042
2.05674	-0.944673
2.01736	-0.939266
1.98956	-0.896488
1.55102	-0.517112
1.28877	-0.635207
1.18207	-0.733668
1.11234	-0.701208
1.13879	-0.56682
1.36075	-0.44164
1.78517	-0.38107
1.99788	-0.302539
2.09989	-0.308542
1.96217	-0.00791422
1.94029	0.114779
1.83803	0.220227
1.14779	0.290101
0.163495	0.272647
-0.166671	0.438447
-0.484786	0.285621
-0.54053	0.0795406
-0.315268	-0.132736
0.0415509	-0.169227
0.554227	-0.016104
1.20319	0.139503
1.65975	-0.0497646
1.57708	-0.0180538
1.62687	-0.0736344
1.81824	-0.27328
1.83222	-0.465556
1.68974	-0.613453
1.46381	-0.595314
1.39715	-0.615989
1.4385	-0.64407
1.6293	-0.708917
1.6543	-0.748886
1.6618	-0.821627
1.73386	-0.851527
1.91949	-0.889746
2.21683	-0.993105
2.2097	-0.955928
1.5787	-0.43106
0.926954	-0.144376
0.0957865	0.136149
-0.467866	1.51062e-05
-0.546311	0.183702
-0.901937	0.221843
-0.611462	0.0432339
-0.53011	-0.351112
-0.737094	-0.372243
-0.636565	-0.564259
-0.357384	-0.531182
0.331766	-0.347237
1.25936	-0.459369
1.55753	-0.237826
1.78686	-0.0872732
2.21024	-0.343961
2.12338	-0.4936
2.15183	-0.549119
2.05392	-0.805012
2.15053	-0.859157
2.15826	-0.825422
2.16222	-0.722304
2.16789	-0.668139
2.00553	-0.446166
1.88679	-0.143308
1.82722	-0.0103169
1.72658	-0.0214981
1.54644	-0.292601
1.27668	-0.186838
0.932718	-0.620504
0.157616	-0.744488
0.0551071	-0.848083
0.69433	-0.376783
0.501565	-0.325816
1.00295	-0.798136
1.21405	-0.470434
0.79913	-0.380159
1.19011	-0.514125
1.03697	-0.517911
1.15951	-0.52834
1.32498	-0.683758
1.3612	-0.770585
1.40612	-0.829446
1.32366	-0.802721
1.26889	-0.708761
1.37622	-0.705665
1.50454	-0.743096
1.55058	-0.661911
1.64024	-0.630944
2.0063	-0.513768
1.86836	-0.251973
1.70823	-0.232429
1.93733	-0.329658
1.75512	-0.261468
1.92485	-0.266769
1.92696	-0.391179
1.5086	-0.310738
0.97987	-0.189434
0.693973	0.345462
0.589239	0.414847
0.702888	0.26372
0.634117	0.278844
0.600406	0.294663
0.64266	0.280445
0.889781	0.227148
0.99321	0.150626
0.585061	0.291395
0.0841333	0.141137
-0.430667	0.0403425
-0.413102	0.220092
-0.305503	0.298842
-0.363921	0.285794
-0.171529	0.120852
-0.256166	-0.0547786
-0.232487	-0.319011
-0.162289	-0.206902
-0.24904	-0.0898817
-0.215777	-0.0804469
-0.061035	0.103327
0.015303	0.158993
0.152659	0.0733494
0.285891	-0.0573092
0.388316	-0.250631
0.803086	-0.107957
0.818704	-0.496496
0.867569	-0.212354
0.905342	-0.453547
0.870346	-0.410942
0.784951	-0.725235
0.799798	-0.620026
0.940137	-0.667348
0.838054	-0.469467
0.745786	-0.509439
0.728652	-0.691253
0.754887	-0.809773
0.726474	-0.614684
0.709814	-0.687892
0.450226	-0.608678
0.669508	-0.827381
0.610308	-0.764155
0.482833	-0.734156
0.658428	-0.903922
0.499825	-0.900451
0.782027	-0.707084
0.356333	-0.443063
-0.120815	-0.337245
-0.181859	-0.325044
-0.275611	-0.25532
-0.485439	-0.400032
-0.670233	-0.467417
-0.579056	-0.48963
-0.584263	-0.336888
-0.402074	-0.322273
0.152759	-0.299456
0.344465	-0.400296
0.711546	-0.512395
0.505167	-0.432457
0.410644	-0.356978
0.64206	-0.402021
0.525199	-0.0645006
0.253122	0.0770333
-0.0465734	-0.0139456
-0.43453	-0.0863021
-0.585881	-0.236125
-0.588597	-0.300043
-0.716111	-0.275475
-0.738419	-0.399836
-0.348775	-0.277231
-0.230102	-0.510237
0.0388342	-0.811332
0.237157	-0.452545
0.948873	-0.523885
1.28927	-0.548749
1.73558	-0.736238
1.72908	-0.899837
1.57781	-1.00869
1.2711	-0.855142
1.30633	-0.902729
1.21603	-0.880682
1.19306	-0.899976
1.30972	-1.01138
1.35383	-1.07878
1.35782	-1.13186
1.30312	-1.12151
1.22457	-1.11081
1.15475	-1.05809
1.06216	-0.951285
1.02018	-0.834211
1.0578	-0.692809
1.48884	-0.624815
1.57202	-0.625548
1.59161	-0.431551
1.70417	-0.250523
1.80717	-0.203802
1.96564	-0.248663
2.01259	-0.0791337
1.79241	0.159864
1.71746	0.171418
1.84477	-0.0958348
1.45536	-0.275345
0.146587	-0.106601
-0.062306	0.0578968
-0.905674	0.126254
-0.977909	0.0573395
-0.986057	0.136913
-0.903096	-0.0797322
-0.812954	-0.35312
-0.767507	-0.287234
-0.467645	-0.609775
0.532398	-0.460362
1.56645	-0.372875
0.999134	-0.361199
0.741441	-0.572046
0.588461	-0.533457
0.506961	-0.673436
0.511192	-0.620169
0.712075	-1.00326
0.446081	-0.82599
0.487446	-0.698189
0.69658	-0.77394
1.29931	-0.537523
1.04867	-0.698811
1.79839	0.0691699
2.00284	-0.0780621
2.06891	-0.185792
1.98694	-0.0538202
2.00912	-0.0741874
2.0495	-0.449483
1.94736	-0.621429
1.89027	-0.524826
1.91469	-0.526158
1.96411	-0.494008
2.00811	-0.509488
1.92611	-0.399294
1.87728	-0.419968
2.0119	-0.499812
2.07021	-0.500541
2.1282	-0.725001
1.98486	-0.622951
2.05252	-0.749948
2.08397	-0.87926
1.86356	-0.80177
1.48544	-0.608284
1.15577	-0.598652
1.0132	-0.658097
0.918989	-0.689017
0.866047	-0.665943
0.824539	-0.703412
0.811551	-0.700022
0.807344	-0.659818
0.851907	-0.704037
0.940399	-0.711326
1.05463	-0.684139
1.32414	-0.762952
1.53411	-0.747732
1.87722	-0.67327
1.69404	-0.332398
1.61922	-0.0633468
1.73963	-0.181177
1.3444	0.0705701
0.743802	0.126704
0.318461	-0.139668
-0.216905	-0.235543
-0.415184	-0.298111
-0.177795	-0.225562
-0.280349	-0.294142
-0.109753	-0.2667
-0.0986255	-0.269828
-0.243198	-0.362755
-0.427218	-0.499111
-0.323112	-0.250732
0.693228	0.065222
0.987524	-0.581821
0.671054	-0.985287
0.718688	-0.652003
0.580233	-0.810185
0.390028	-0.684617
0.523716	-0.666757
0.555232	-0.623882
0.756722	-0.754059
0.445154	-0.839829
0.762495	-0.749361
0.886737	-0.79985
0.381655	-0.801181
0.683805	-0.416081
0.707345	-0.178283
1.23378	-0.477859
1.70888	-0.255597
1.82478	0.131018
1.77018	0.427501
2.27241	0.263759
2.3637	0.103129
2.10362	0.109391
1.93328	0.332621
1.88223	0.405503
1.55762	0.560761
1.45019	0.429553
1.26463	0.357033
1.1276	0.0481669
0.73752	-0.230991
0.53188	-0.376394
0.360523	-0.332836
0.224241	-0.287778
0.311617	-0.27091
0.538075	-0.14086
1.31718	-0.0521346
1.5785	0.00229982
1.54076	0.0448523
1.37361	-0.0802766
1.34162	-0.0851087
1.52886	-0.209622
1.52356	-0.0827417
1.3891	-0.104686
1.33026	-0.0768128
0.965464	-0.360223
0.637147	-0.58346
0.465665	-0.527573
0.413032	-0.276865
0.0227068	-0.204716
0.19337	-0.207894
0.0418489	-0.171992
-0.0938145	-0.048466
-0.0440193	-0.0421952
0.0116522	-0.0976379
-0.0169526	-0.0686419
-0.0885469	0.0028471
-0.0896556	0.000837761
-0.0160228	-0.0115465
0.0860198	-0.0809749
0.226133	-0.144769
0.33724	-0.245947
0.512725	-0.364806
0.675055	-0.469648
0.873714	-0.547604
0.997919	-0.512103
1.27119	-0.513043
1.36145	-0.607657
1.80513	-0.709637
1.49558	-0.411476
1.44562	-0.519888
1.69603	-0.488506
1.89484	-0.539226
1.64579	-0.502346
1.51481	-0.343347
1.40941	-0.397925
0.700428	-0.237682
0.195566	-0.377757
-0.0374285	-0.577393
-0.0436813	-0.704152
-0.227573	-0.573115
-0.296835	-0.548235
-0.390703	-0.358605
-0.341816	-0.390977
-0.363086	-0.428572
-0.310229	-0.386616
-0.155701	-0.308485
0.306499	-0.0577394
-0.289954	-0.137145
-0.0252217	-0.125145
-0.29955	-0.132821
-0.275074	-0.372535
0.0470562	-0.500727
0.276782	-0.617602
0.383485	-0.535725
0.488698	-0.621346
0.775159	-0.62799
0.517723	-0.62927
0.606551	-0.617719
0.465014	-0.67296
0.559201	-0.794169
0.568806	-0.778195
0.367053	-1.05632
0.370335	-1.06321
-0.056307	-0.733309
-0.0290609	-0.890864
-0.121369	-0.868558
-0.268456	-0.786426
-0.326249	-0.86438
-0.199796	-0.916342
0.241914	-0.530015
0.447337	-0.552732
0.662305	-0.56601
0.607467	-0.46322
0.635907	-0.497223
0.594008	-0.466039
0.530749	-0.473861
0.617765	-0.486494
0.651316	-0.36369
0.67826	-0.307351
0.743452	-0.417416
0.749304	-0.542838
0.739276	-0.615753
0.848992	-0.713155
1.00538	-0.757396
1.32664	-0.783447
1.63279	-0.655008
1.89077	-0.602567
2.25645	-0.73599
2.12649	-0.516539
2.20181	-0.512591
2.17421	-0.470312
2.14159	-0.287129
2.17667	-0.30535
1.66056	-0.168914
1.2642	-0.505807
1.42614	-0.704153
1.5611	-0.868464
1.77809	-0.809762
1.83575	-0.599655
1.83428	-0.664412
1.78157	-0.841613
1.53303	-0.877059
1.47767	-0.895658
1.47864	-0.87507
1.58877	-0.839545
1.85034	-0.85293
2.15512	-0.811022
1.92172	-0.82939
1.92412	-0.635524
1.97489	-0.334083
2.09411	-0.210228
2.02261	-0.0471126
1.95675	0.0296666
1.94201	-0.19896
0.950457	0.0573974
0.458383	-0.204293
-0.0263094	-0.0115808
-0.335123	-0.326678
-0.54032	-0.467307
-0.4112	-0.210654
-0.166082	-0.366053
0.0351258	-0.313898
0.837034	-0.594326
0.998336	-0.677479
1.35062	-0.539605
1.76712	-0.631517
1.825	-0.526154
1.49189	-0.690959
1.5491	-0.71567
1.45176	-0.657138
1.37867	-0.574255
1.42509	-0.545957
1.43714	-0.480375
1.51066	-0.32364
1.76212	-0.226323
1.85531	-0.0796407
1.60157	-0.277639
1.48163	-0.421106
1.23688	-0.407096
1.12092	-0.551623
0.666997	-0.401965
0.635064	-0.373143
1.50825	-0.17548
1.58576	-0.1548
1.50999	-0.380912
1.72432	-0.449194
1.51135	-0.435006
1.72183	-0.545394
1.93658	-0.545349
1.86271	-0.527658
1.93122	-0.243579
1.78005	0.0949927
1.73399	-0.0163533
1.70768	-0.188944
0.406894	0.115787
0.117525	0.0421208
-0.324765	0.446039
-0.700787	0.440596
-0.240408	0.39125
0.239317	0.346004
0.963617	0.17156
1.44419	-0.198422
1.57077	-0.258546
1.43453	-0.212376
1.39729	-0.237676
1.61163	-0.519002
1.79623	-0.8256
1.61266	-0.732359
1.54054	-0.908653
1.54185	-0.858696
1.54589	-0.663114
1.65066	-0.483019
1.66063	-0.296279
1.9822	-0.501755
1.93333	-0.465921
1.96145	-0.593472
1.89973	-0.498638
1.59202	-0.726101
1.64586	-0.679449
1.73637	-0.594068
1.71055	-0.51565
1.67087	-0.207903
1.68798	0.044565
1.65242	-0.0267712
1.36147	-0.377817
0.369373	-0.292029
0.303301	-0.545123
0.810551	-0.494978
1.0867	-0.21707
1.67741	0.148839
1.58495	-0.0188913
1.64805	0.110794
1.68564	0.0246155
1.74779	0.156647
1.72056	0.241514
1.6064	0.325412
1.29153	-0.121062
1.44223	-0.425121
1.25403	-0.498306
1.077	-0.527081
0.445673	-0.551659
0.625154	-0.757923
0.771302	-0.761067
1.18553	0.0421265
1.4587	-0.245335
1.8539	-0.227046
2.03122	-0.282337
1.97099	-0.154708
1.95566	-0.202048
2.14328	-0.487527
2.06266	-0.512216
2.00942	-0.485454
2.00856	-0.455689
2.0559	-0.501042
1.7731	-0.467697
1.71876	-0.52148
1.67052	-0.417497
1.56816	-0.293856
1.67755	-0.23281
1.01077	-0.228012
0.995151	-0.12907
0.720633	-0.0896417
0.479044	-0.206188
0.470401	-0.248796
0.637276	-0.377151
0.743275	-0.396193
0.286936	-0.0542354
0.26439	-0.0764152
0.200818	-0.107698
0.406432	-0.211356
0.196363	0.0581688
0.223397	-0.0311037
0.194374	-0.0790717
0.448481	-0.199755
0.538585	-0.301038
0.370333	-0.300418
0.389926	-0.309706
0.649088	-0.487501
0.981139	-0.269225
1.1193	-0.378062
1.45023	-0.297775
1.56434	-0.442936
1.50409	-0.436137
1.58171	-0.497123
1.71555	-0.38472
1.98357	-0.325897
1.76848	-0.47273
1.74206	-0.469672
1.45815	-0.551814
1.56044	-0.669665
1.30562	-0.554145
1.15504	-0.778005
1.03193	-0.707501
0.858807	-0.680456
0.901915	-0.795056
0.865984	-0.867751
0.675141	-0.757009
0.790336	-0.760436
0.678724	-0.825595
0.545688	-0.802642
0.563409	-0.834875
0.474646	-0.938294
0.416388	-0.846659
0.738466	-0.709356
0.514813	-0.780663
0.0834796	-1.11587
0.538599	-0.844927
0.606805	-0.70614
0.606145	-0.800119
0.429687	-0.700123
0.0210098	-0.613746
0.238061	-0.682957
0.394119	-0.76275
0.651108	-0.752569
0.774921	-0.517343
0.752529	-0.852552
0.803482	-0.611726
0.753283	-0.23324
1.24133	0.0738964
1.7258	-0.270028
1.56677	-0.537162
1.72002	-0.642245
1.01176	-0.347021
1.4458	-0.50231
1.96998	-0.785684
1.77832	-0.664654
1.69418	-0.515858
1.88196	-0.38769
1.94357	-0.354873
1.86209	-0.151804
1.71154	-0.08578
0.688048	0.216186
0.284118	0.0741859
-0.0540005	0.222746
-0.401427	0.0144182
-0.383948	-0.280131
-0.399001	-0.167786
-0.320331	-0.367819
-0.0276958	-0.258641
1.14643	-0.109717
1.6789	-0.240762
1.83651	-0.242677
1.7713	-0.290189
2.04724	-0.521861
2.40216	-0.693246
2.42949	-0.69992
1.95949	-0.347839
1.69446	-0.304941
1.70342	-0.194274
1.80098	-0.155594
1.82568	0.0337918
1.7428	0.137665
1.70764	-0.0124221
1.4971	-0.0580083
1.37996	-0.213336
0.875821	-0.734651
0.323079	-0.621887
1.02094	-0.20928
1.70529	-0.286774
1.81172	-0.0881514
1.9751	-0.167674
2.079	-0.200906
1.96772	-0.178389
2.00712	-0.29332
1.9212	-0.260246
2.15955	-0.396012
2.18337	-0.32713
2.16432	-0.287941
1.65552	-0.243625
1.92942	-0.412797
2.04073	-0.412821
2.04559	-0.509383
2.04151	-0.565044
2.27215	-0.901215
1.97835	-0.776816
1.91462	-0.711705
1.89426	-0.579195
1.89502	-0.391173
1.10005	0.133923
0.492358	0.288574
0.13056	-0.0281048
-0.312982	0.0392258
-0.42167	-0.132379
-0.36663	-0.421346
-0.0256118	-0.512881
0.0837819	-0.428794
0.225912	-0.373228
1.38533	-0.0805975
1.8855	0.134198
1.72503	0.0998943
1.80335	0.042983
2.08423	-0.193442
2.04734	-0.264058
1.34932	0.0962954
1.02669	0.190816
1.09097	0.217645
1.01958	0.392996
1.12524	0.0165144
1.09271	-0.553505
1.04801	-0.46347
0.731758	-0.360067
0.792101	-0.342909
0.95634	-0.698075
0.746283	-0.593497
0.828988	-0.385288
0.794397	-0.74831
1.15864	-0.423661
1.54503	-0.585186
1.43393	-0.503639
1.47308	-0.595679
1.40709	-0.599297
1.40421	-0.618265
1.31709	-0.669597
1.1663	-0.444162
1.09179	-0.345879
0.899937	-0.254662
0.490235	-0.373242
0.618314	-0.284763
1.05668	-0.35547
0.589896	-0.437152
0.189555	-0.59835
-0.337831	-0.203053
-0.353037	-0.280205
-0.63409	-0.201842
0.47525	0.0882219
1.4062	-0.356954
1.47418	-0.114244
1.52273	-0.153349
1.52432	-0.132347
1.73111	-0.263174
1.79068	-0.350944
1.74549	-0.28284
1.80055	-0.217124
1.72109	-0.1169
1.66014	-0.0267555
1.69957	0.00545149
1.50704	-0.054406
1.38035	-0.0833406
1.12633	-0.475472
0.958446	-0.433448
0.91641	-0.291194
1.05157	-0.670124
1.18208	-0.674572
0.917615	-0.420148
1.22063	-0.125317
1.86635	-0.812084
1.8678	-1.04786
1.76068	-0.27451
1.8298	-0.900959
1.70314	-0.801681
1.55674	-0.835444
1.36509	-0.688565
1.50537	-0.841666
1.51245	-0.845796
1.42294	-0.934883
1.57371	-0.992816
1.44549	-0.969233
1.48324	-0.985585
1.59222	-0.896199
1.83553	-0.843836
1.84518	-0.731796
1.85847	-0.727501
1.76612	-0.629931
1.72855	-0.565427
1.8103	-0.581478
1.89824	-0.537392
1.55291	-0.578433
1.01207	-0.487511
0.688368	-0.29415
0.590334	-0.153017
0.68859	-0.0800815
0.838735	-0.0204474
0.886928	0.0181111
0.733341	0.0280372
0.689342	-0.00752268
0.754183	0.00750029
1.15454	0.0810512
0.784293	-0.104746
0.212078	0.075894
-0.271231	-0.0675737
-0.734785	-0.0497504
-0.696635	-0.0577808
-0.923552	-0.00334402
-1.01756	0.194039
-0.949302	0.271282
-0.840469	-0.186699
-0.742366	-0.146357
-0.782324	-0.169234
-0.593635	-0.120835
-0.697683	-0.0421809
-0.600606	-0.289511
-0.334844	-0.20614
-0.532359	-0.260133
-0.340878	-0.0908178
-0.06406	-0.219166
-0.312828	-0.335904
-0.114804	-0.314209
0.258682	-0.325988
0.194103	-0.626933
0.31447	-0.485236
0.511636	-0.750594
0.50963	-0.665944
0.562855	-0.69186
0.641409	-0.799551
0.60297	-0.984048
1.43161	-0.427172
2.09722	-0.738146
2.24962	-0.787546
2.31997	-0.718357
2.1156	-0.604463
2.19417	-0.628402
2.06777	-0.537289
2.09976	-0.388377
2.02463	-0.128331
1.9191	0.15037
1.4602	-0.130217
0.28529	-1.06316
0.697513	-0.6979
2.25597	-0.489762
1.78727	-0.044859
1.55492	0.146786
2.11636	-0.205086
2.26666	-0.46183
2.32541	-0.601119
2.06726	-0.382767
2.34672	-0.596982
2.27689	-0.590934
2.19629	-0.420268
2.35351	-0.451716
2.15198	-0.526755
1.97116	-0.73852
1.88005	-0.705554
1.77699	-0.663298
1.78474	-0.706393
1.87894	-0.628314
2.10788	-0.4868
1.92639	-0.127798
2.01574	-0.157183
1.83986	-0.0653498
1.81253	0.00592158
1.72314	0.111701
1.70283	0.188364
1.66846	0.321548
1.60406	0.407432
1.60449	0.42564
1.65486	0.452154
1.59591	0.42494
1.5401	0.450996
1.54439	0.434553
1.54214	0.392767
1.53989	0.432355
1.59647	0.318696
1.54713	0.299543
1.6336	0.164435
1.74204	0.0908824
1.72429	0.115522
1.90209	0.0467624
1.93104	-0.0593332
1.99548	-0.167974
2.00146	-0.24615
2.03768	-0.295329
1.9559	-0.245487
2.40241	-0.485719
1.83136	-0.562301
1.8432	-0.678724
1.72779	-0.633573
1.77722	-0.687565
1.72712	-0.636183
1.81071	-0.596056
1.87401	-0.36309
1.88148	-0.236695
1.8993	-0.116628
1.80361	0.0593466
1.03595	-0.362076
0.660452	-0.710686
1.13563	-0.219554
1.92227	-0.527306
1.70215	-0.234561
0.684389	-0.00993062
-0.464028	-0.059288
-0.0840849	0.196963
1.21406	-0.167383
1.87784	-0.524206
2.03585	-0.642721
1.93014	-0.569573
2.15734	-0.679538
2.26282	-0.736061
2.30695	-0.627838
2.33232	-0.502859
2.05208	-0.845161
1.90381	-0.715361
2.038	-0.829616
1.99048	-0.845871
2.14489	-0.879902
2.08259	-0.438878
2.29582	-0.768224
2.18824	-0.87443
1.93943	-0.74181
1.82848	-0.490186
1.88319	-0.344181
1.94569	-0.152867
1.9833	-0.0921792
1.5206	-0.174175
1.21688	-0.232666
1.09237	-0.365337
0.382434	-1.04285
0.498037	-1.02269
0.336791	-0.571129
1.24688	-0.447984
1.15876	-0.506058
1.40811	-0.433616
1.65909	-0.846054
1.87275	-0.894916
1.41177	-0.351076
1.64999	-0.118056
1.64046	-0.112866
1.61985	-0.195189
1.51208	0.0315801
1.54309	0.186232
1.63195	0.134298
1.40414	0.132306
1.42054	-0.00389726
0.616677	0.154994
0.0369903	-0.13742
0.19895	-0.0230979
0.0454446	0.0091847
-0.453362	0.204616
-0.1111	0.0754922
0.384347	-0.205007
1.33884	-0.531247
1.25177	-0.854996
1.45369	-0.822843
1.58925	-0.721301
1.90412	-0.173093
2.04314	-0.14186
1.8479	-0.101024
1.776	0.00331522
2.04889	-0.0837451
2.24482	0.153235
1.96861	0.143853
2.30798	0.253573
1.99864	0.126665
1.86214	0.0984244
1.75624	0.1213
1.36051	-0.102035
0.841007	-0.372201
0.642018	-0.443274
0.654118	-0.752896
0.711303	-0.688837
0.616347	-0.6357
0.649821	-0.714378
0.719147	-0.789225
0.625383	-0.610575
0.551373	-0.69544
1.07519	-0.376831
1.14209	-0.330565
0.796268	-0.345692
0.768939	-0.403677
0.600433	-0.491574
0.839769	-0.65054
1.02504	-0.7245
0.793231	-0.668474
0.650396	-0.826679
0.717799	-0.747932
0.710816	-0.775007
0.443495	-0.64012
0.759829	-0.652481
0.318697	-0.780295
0.612372	-0.837467
0.69153	-0.747389
0.291216	-0.95659
0.443263	-0.874284
0.370909	-0.694248
0.45885	-0.819516
0.569228	-0.860231
0.414822	-0.688156
0.63667	-0.649139
0.669244	-0.57056
0.98524	-0.369624
1.4064	-0.432958
1.15568	-0.592662
1.85618	-0.848896
2.01066	-0.886848
1.96019	-0.799122
1.89245	-0.763494
1.63228	-0.5611
1.61316	-0.422589
1.63013	-0.26437
1.59228	-0.0409966
1.67839	0.131463
1.64717	0.24789
1.62038	0.279065
1.44417	0.415939
1.44749	0.41796
1.38094	0.475526
1.35811	0.383167
1.23628	0.40666
1.03348	0.405897
0.948021	0.344176
0.889834	0.221562
0.826055	0.0446054
0.789732	-0.151665
0.705148	-0.346491
0.459421	-0.406158
0.226023	-0.405671
0.0183761	-0.367981
-0.055086	-0.331371
-0.00781183	-0.350111
0.144139	-0.362224
0.29573	-0.453212
0.50674	-0.583413
0.837635	-0.755853
1.23798	-0.964099
1.60719	-1.05192
1.46911	-0.885319
1.60389	-0.66573
1.50634	-0.350953
1.91378	-0.513698
1.9106	-0.403032
1.78854	-0.391741
1.68128	-0.296861
1.73144	-0.409107
1.96342	-0.631821
1.93716	-0.691195
1.66974	-0.461688
2.05632	-0.463456
1.88955	-0.478004
1.86639	-0.488131
1.86157	-0.481177
1.70201	-0.368634
1.67104	-0.388283
1.55388	-0.351966
1.49731	-0.383236
1.50183	-0.354005
1.53756	-0.239265
1.55119	-0.0726411
1.4153	0.11624
1.15971	0.113396
1.05625	0.106637
-0.198907	0.372329
-0.545568	0.329285
-0.650056	0.281292
-0.923585	0.0813347
-0.93486	-0.107492
-0.520757	-0.359653
-0.682691	-0.446012
-0.305689	-0.408892
0.079769	-0.570851
0.760368	-0.526715
1.62189	-0.120016
1.84348	-0.278722
1.93898	-0.381761
2.04144	-0.545833
2.01229	-0.576041
1.92117	-0.533672
1.9871	-0.552462
2.00129	-0.478813
1.91804	-0.25002
1.79945	-0.0148564
1.27018	0.0162703
1.0676	-0.18516
0.838909	-0.414326
0.498978	-0.428957
0.70727	-0.0568763
2.11583	-0.286274
1.66314	0.15215
1.69658	0.0716572
1.69869	0.0424791
1.80661	0.0543751
1.69634	0.115158
0.84165	0.459859
0.20707	0.247624
0.00353977	0.0772215
-0.0988096	-0.166358
0.0548738	-0.260467
0.0349829	-0.433477
0.136078	-0.72416
0.390635	-0.872704
1.10131	-0.619269
1.77532	-0.524635
2.25579	-0.672557
2.05639	-0.413116
2.15367	-0.589438
1.90207	-0.427152
1.81394	-0.433322
1.51313	-0.273973
1.38261	-0.274674
1.11607	-0.278402
0.753928	-0.375089
0.993966	-0.65762
0.856282	-0.758636
0.832623	-0.502455
1.14018	-0.725655
0.935191	-0.946599
1.08831	-0.609889
1.13549	-0.720391
1.53221	-0.915224
1.35899	-0.723896
1.50323	-0.712828
1.94963	-0.602725
2.10858	-0.718716
1.95865	-0.522078
2.05967	-0.559615
1.9597	-0.610143
1.95854	-0.572793
1.97096	-0.47245
1.99906	-0.26005
1.53759	0.00120376
1.14832	0.247979
0.80685	0.558782
0.489505	0.240147
0.359785	0.319844
0.102051	-0.145584
-0.0243224	-0.106991
-0.220953	-0.473687
0.118897	-0.518339
0.405341	-0.488898
0.969138	0.0782205
1.95178	-0.104891
2.16018	-0.107971
2.31718	-0.157615
2.28348	-0.067119
2.25338	-0.0916591
2.12648	-0.12006
2.11247	-0.0424322
2.1127	0.103348
2.18226	0.0321424
1.70627	0.294205
0.871262	0.270456
0.175665	0.0692575
-0.689707	-0.141134
-1.08609	0.0113284
-1.15811	0.0656461
-1.26878	-0.289885
-1.19677	-0.176399
-1.15337	-0.489319
-0.935389	-0.884222
-0.590432	-0.746249
-0.288764	-1.107
0.648416	-0.729666
1.65296	0.161975
1.63028	0.00275085
1.43474	-0.0164968
1.42416	0.0270757
1.34787	0.110761
1.47736	0.00293007
1.73118	-0.198199
1.87443	-0.320629
1.84823	-0.337876
2.03714	-0.390896
2.16669	-0.614155
2.06412	-0.677021
1.797	-0.622694
1.68889	-0.640507
1.69814	-0.553556
1.65616	-0.53042
1.79303	-0.648745
1.89626	-0.552388
1.84869	-0.432509
1.75987	-0.379495
1.94946	-0.564411
1.80234	-0.365781
1.831	-0.352109
1.95162	-0.136085
1.60663	-0.246814
1.70554	-0.225642
1.5932	-0.24523
1.78265	-0.175882
1.80197	-0.0243521
1.71885	-0.284799
1.51769	-0.335783
1.43962	-0.299143
1.32877	-0.392686
1.40306	-0.480125
1.21236	-0.637298
0.0773391	-0.954375
0.31339	-0.786751
0.588154	-0.983526
0.451473	-1.05349
1.39737	-0.262355
1.91002	-0.0101277
2.09846	-0.238626
2.01996	-0.0351868
2.05624	-0.119812
2.00358	-0.0933023
1.62233	-0.169118
1.78077	-0.618594
1.80013	-0.670788
1.70989	-0.59895
1.11576	-0.279479
1.41909	-0.407106
1.82941	-0.510865
1.97136	-0.472367
1.98803	-0.671824
2.07203	-0.710866
1.79039	-0.486375
1.37893	-0.371392
1.93036	-0.683364
2.13438	-0.642753
1.8637	-0.335735
1.61303	-0.0768537
1.5407	-0.038187
1.21577	-0.188625
0.714615	-0.528897
0.329404	-0.580726
0.548166	-0.665968
0.785044	-0.520556
0.832756	-0.170847
0.902755	0.0476624
1.28324	-0.0966407
1.58924	-0.153814
1.55761	-0.130173
1.55807	-0.101268
1.63265	-0.0335396
1.68134	0.0362504
0.408434	0.496785
-0.0688372	0.452952
-0.398369	0.353854
-0.361898	0.180027
-0.434029	0.0594972
0.32751	0.189027
1.2659	0.172151
1.55812	0.181899
1.83224	0.2376
1.75865	0.224069
1.73175	0.312021
1.66302	0.257457
1.59704	0.10464
1.49037	0.112255
1.28275	-0.211344
1.60442	-0.0568885
1.84912	-0.136872
1.88402	-0.104032
1.87021	-0.286597
1.78666	-0.40263
1.98799	-0.552371
1.82382	-0.346356
1.78934	-0.409747
2.2158	-0.632894
2.30625	-0.49958
2.14161	-0.0779008
1.76959	-0.0943686
1.53819	-0.162039
1.46659	-0.29696
1.02629	-0.470583
0.917178	-0.483962
0.907202	-0.44515
1.2096	-0.330934
1.42386	0.0396137
1.73524	0.185382
1.93927	0.243405
1.81146	0.323006
1.98812	-0.00171835
1.80601	-0.079159
1.41319	0.136855
1.48815	0.145296
1.581	-0.188623
1.20128	-0.179123
0.445918	-0.715169
0.296654	-0.750964
0.175713	-0.710638
0.709427	-0.442804
1.20947	-0.275724
1.75031	-0.818895
1.87269	-1.03456
1.57429	-0.96244
1.74587	-1.07829
1.63621	-0.967627
1.75743	-0.939093
1.87621	-0.827207
2.02085	-0.810189
1.88184	-0.697164
1.77185	-0.508777
1.90896	-0.43922
1.82789	-0.110568
1.75299	0.0224141
0.654421	-0.133393
0.152584	-0.469319
0.0203545	-0.497522
-0.111682	-0.37895
-0.390626	-0.438188
-0.305389	-0.498744
0.574244	-0.146921
1.48646	-0.0120904
1.50935	-0.190719
1.45151	-0.284962
1.48278	-0.216242
1.7492	-0.240047
1.89814	-0.398955
2.08292	-0.573726
1.85368	-0.456641
1.7639	-0.421032
1.7244	-0.501259
1.55781	-0.508786
1.40827	-0.534984
1.18347	-0.526751
1.01734	-0.564426
0.771194	-0.52037
0.548575	-0.358729
0.517754	-0.144119
0.8129	-0.028074
1.95351	-0.669715
2.01047	-0.617314
1.9167	-0.457626
1.93869	-0.401048
1.91363	-0.238311
1.58192	0.0380832
1.42791	-0.104612
1.25672	-0.345693
1.00528	-0.455311
0.205648	-0.616507
0.335505	-0.815173
1.36119	-0.532137
1.48286	-0.599402
1.54682	-0.393464
1.57641	-0.348549
1.76746	-0.471088
2.06668	-0.761327
1.95945	-0.799288
1.41256	-0.505573
1.62797	-0.795307
1.8405	-0.925595
2.05906	-0.723801
2.14464	-0.458709
2.13429	-0.252834
2.04458	-0.209554
1.91245	-0.220787
1.87384	-0.233143
1.67963	-0.143085
1.72755	-0.183057
1.88051	-0.285985
1.87029	-0.332236
1.7509	-0.38827
1.66046	-0.433728
1.76183	-0.63288
1.79861	-0.700706
2.11356	-0.787211
1.98197	-0.885395
1.79912	-0.849241
1.86015	-0.846364
1.77931	-0.743491
1.69639	-0.5094
1.08104	-0.170893
0.925859	0.048071
0.624345	0.191916
0.459636	0.149451
0.328655	0.166669
0.190084	0.157289
0.227642	0.0501954
0.41051	-0.198931
0.767287	-0.4811
1.00256	-0.655019
1.34261	-0.831663
1.51339	-0.838818
1.56118	-0.739128
1.79445	-0.708659
2.05949	-0.767931
1.83783	-0.768244
1.76814	-0.750486
1.21016	-0.394713
1.73276	-0.693343
1.46811	-0.55986
1.33963	-0.478811
1.26642	-0.369338
1.41816	-0.303482
1.40293	-0.0796432
1.51762	0.0889984
1.59021	0.16864
1.7095	0.155446
1.83429	-0.0115064
1.83108	-0.200377
1.93306	-0.356702
1.93298	-0.440104
1.71661	-0.660612
1.77837	-0.720019
1.69866	-0.673043
1.68893	-0.645927
1.77276	-0.653468
1.57078	-0.480026
1.04701	0.0464989
0.580083	0.261602
0.396046	0.250136
0.193523	0.0226958
0.111785	-0.246051
0.169816	-0.415175
0.318773	-0.476769
0.484977	-0.489467
0.738287	-0.476346
1.20176	-0.48585
1.47605	-0.241049
1.42564	0.161007
0.821057	0.0759013
0.255257	-0.0085534
-0.477649	-0.176495
-0.632557	-0.012882
-0.552924	-0.126348
-0.64216	-0.380314
-0.507131	-0.347679
-0.284887	-0.336584
-0.22224	-0.475273
0.245931	-0.579755
0.596866	-0.458377
0.662048	-0.572374
1.14405	-0.58617
1.69469	-0.103876
1.49538	-0.0635311
1.39049	0.267612
1.4681	0.221634
1.53499	0.119349
1.60721	-0.218505
1.495	-0.184151
1.29084	-0.456305
0.876553	-0.584729
0.761981	-0.752178
0.525952	-0.75759
0.21848	-0.578897
0.167784	-0.522207
0.193063	-0.539433
0.290401	-0.492176
0.531285	-0.582917
0.929999	-0.742176
1.03055	-0.708251
1.20111	-0.664331
1.2667	-0.495653
1.10498	-0.306337
1.24903	-0.211075
1.35077	-0.0761297
1.20162	-0.207102
0.974829	-0.292596
0.876883	-0.544975
0.457894	-0.472912
-0.177435	-0.807287
0.557874	-0.638495
0.342843	-0.500258
0.238297	-0.46639
0.407434	-0.187908
0.814252	-0.121647
0.496117	0.0929883
0.515957	-0.224964
0.567186	-0.386918
0.665381	-0.487919
0.886135	-0.860422
0.364845	-0.617021
0.4658	-0.983999
0.387132	-0.78229
0.617534	-0.608125
0.66027	-0.710557
1.04375	-0.814134
1.05045	-0.709914
0.704288	-0.487995
0.987512	-0.749864
1.5559	-0.727048
1.84609	-0.421471
1.83738	-0.398859
1.94958	-0.251938
1.69772	-0.283627
1.90895	-0.39583
1.67152	-0.386963
1.56422	-0.739076
1.27501	-0.714714
1.28184	-0.721299
1.2119	-0.53489
1.16786	-0.5271
1.01568	-0.669063
0.818299	-0.934574
0.552299	-0.618459
0.623314	-0.732813
0.720543	-0.849241
0.647916	-0.84182
0.579616	-0.670094
