DATA: 4615 x 21
Feature 0
-0.523555	rho[0][8]
-0.414742	rho[0][5]
-0.321675	rho[0][7]
-0.314118	rho[0][9]
0.237745	rho[0][16]
0.23774	rho[0][1]
0.23046	rho[0][18]
0.223797	rho[0][13]
0.222738	rho[0][17]
0.214436	rho[0][15]
0.202737	rho[0][19]
0.190935	rho[0][3]
0.190363	rho[0][14]
-0.168203	rho[0][10]
0.156986	rho[0][12]
-0.0619304	rho[0][11]
0.0586188	rho[0][20]
-0.0518705	rho[0][4]
0.0215536	rho[0][2]
-0.013527	rho[0][6]

Feature 1
-0.554803	rho[1][9]
-0.389027	rho[1][5]
0.383062	rho[1][6]
0.23774	rho[1][0]
0.202616	rho[1][3]
-0.189204	rho[1][8]
-0.16159	rho[1][10]
0.139206	rho[1][7]
-0.103502	rho[1][4]
-0.0908287	rho[1][11]
0.0880746	rho[1][13]
0.0696517	rho[1][17]
-0.0578912	rho[1][20]
-0.048963	rho[1][16]
-0.0294234	rho[1][15]
-0.0272118	rho[1][18]
0.0179363	rho[1][12]
-0.00450606	rho[1][2]
0.00389424	rho[1][14]
-0.00150072	rho[1][19]

Feature 2
-0.24968	rho[2][12]
-0.2432	rho[2][10]
-0.219074	rho[2][13]
-0.189409	rho[2][11]
0.16883	rho[2][20]
0.148411	rho[2][3]
-0.111031	rho[2][9]
0.104508	rho[2][7]
0.0879147	rho[2][19]
-0.0874146	rho[2][14]
0.0562641	rho[2][18]
-0.0539119	rho[2][15]
0.0391236	rho[2][6]
-0.0310815	rho[2][8]
0.0279216	rho[2][5]
0.0215536	rho[2][0]
0.0143895	rho[2][4]
-0.0101565	rho[2][16]
-0.00610626	rho[2][17]
-0.00450606	rho[2][1]

Feature 3
-0.558947	rho[3][11]
0.456027	rho[3][4]
-0.424277	rho[3][12]
-0.395699	rho[3][13]
-0.374948	rho[3][10]
-0.323207	rho[3][14]
0.225524	rho[3][20]
0.202616	rho[3][1]
0.190935	rho[3][0]
-0.187371	rho[3][9]
-0.183892	rho[3][15]
0.168853	rho[3][19]
0.165318	rho[3][6]
-0.151198	rho[3][16]
0.148411	rho[3][2]
-0.147082	rho[3][5]
-0.0438066	rho[3][17]
0.029376	rho[3][18]
0.00639665	rho[3][7]
-0.00636767	rho[3][8]

Feature 4
-0.474528	rho[4][12]
0.456027	rho[4][3]
-0.343136	rho[4][13]
-0.296893	rho[4][11]
0.253842	rho[4][5]
-0.208912	rho[4][14]
-0.207334	rho[4][6]
-0.171935	rho[4][15]
-0.149649	rho[4][7]
0.141599	rho[4][20]
-0.103502	rho[4][1]
-0.0944973	rho[4][16]
-0.080423	rho[4][10]
0.0695322	rho[4][9]
-0.0518705	rho[4][0]
-0.0360432	rho[4][17]
0.0334294	rho[4][19]
0.0295836	rho[4][8]
-0.01837	rho[4][18]
0.0143895	rho[4][2]

Feature 5
-0.414742	rho[5][0]
-0.389027	rho[5][1]
-0.302459	rho[5][13]
0.253842	rho[5][4]
-0.202575	rho[5][14]
0.197784	rho[5][9]
-0.16838	rho[5][7]
0.166572	rho[5][8]
-0.147082	rho[5][3]
-0.108352	rho[5][15]
-0.0992322	rho[5][17]
0.0955576	rho[5][10]
-0.0921126	rho[5][16]
-0.0762633	rho[5][12]
-0.066329	rho[5][18]
0.0600207	rho[5][11]
-0.0570745	rho[5][6]
0.0279216	rho[5][2]
-0.0259762	rho[5][19]
-0.00401465	rho[5][20]

Feature 6
0.383062	rho[6][1]
-0.330896	rho[6][14]
-0.329934	rho[6][9]
0.320356	rho[6][7]
-0.289793	rho[6][8]
-0.267778	rho[6][16]
-0.262213	rho[6][15]
-0.220809	rho[6][17]
-0.207334	rho[6][4]
0.165318	rho[6][3]
-0.0984289	rho[6][18]
-0.0930454	rho[6][10]
0.0652475	rho[6][12]
-0.0632384	rho[6][13]
-0.0570745	rho[6][5]
-0.0455204	rho[6][20]
0.0391236	rho[6][2]
-0.0152606	rho[6][11]
-0.013527	rho[6][0]
-0.011626	rho[6][19]

Feature 7
-0.448159	rho[7][16]
-0.443355	rho[7][15]
0.346122	rho[7][8]
-0.327454	rho[7][9]
-0.321675	rho[7][0]
0.320356	rho[7][6]
-0.310595	rho[7][17]
-0.260679	rho[7][18]
-0.181488	rho[7][19]
-0.16838	rho[7][5]
-0.165559	rho[7][14]
-0.149649	rho[7][4]
0.139206	rho[7][1]
-0.135313	rho[7][10]
-0.131889	rho[7][13]
-0.126187	rho[7][12]
0.104508	rho[7][2]
0.0439839	rho[7][11]
-0.0354307	rho[7][20]
0.00639665	rho[7][3]

Feature 8
-0.523555	rho[8][0]
0.346122	rho[8][7]
-0.330296	rho[8][16]
-0.289793	rho[8][6]
-0.265995	rho[8][10]
0.240543	rho[8][9]
-0.23181	rho[8][17]
-0.189204	rho[8][1]
-0.18378	rho[8][18]
-0.169315	rho[8][13]
0.166572	rho[8][5]
-0.125483	rho[8][19]
-0.125447	rho[8][11]
-0.119895	rho[8][15]
-0.114782	rho[8][12]
0.0656747	rho[8][20]
-0.0560684	rho[8][14]
-0.0310815	rho[8][2]
0.0295836	rho[8][4]
-0.00636767	rho[8][3]

Feature 9
-0.554803	rho[9][1]
0.355433	rho[9][10]
-0.329934	rho[9][6]
-0.327454	rho[9][7]
-0.314118	rho[9][0]
0.240543	rho[9][8]
-0.206846	rho[9][17]
-0.200874	rho[9][19]
0.197784	rho[9][5]
-0.187371	rho[9][3]
-0.140977	rho[9][20]
-0.128732	rho[9][18]
0.122216	rho[9][15]
-0.111031	rho[9][2]
0.094337	rho[9][14]
0.0695322	rho[9][4]
0.0566124	rho[9][16]
0.0499592	rho[9][13]
-0.046371	rho[9][11]
-0.0209443	rho[9][12]

Feature 10
0.522178	rho[10][11]
-0.390068	rho[10][19]
-0.374948	rho[10][3]
-0.36531	rho[10][20]
0.355433	rho[10][9]
-0.354787	rho[10][18]
-0.265995	rho[10][8]
-0.2432	rho[10][2]
-0.168203	rho[10][0]
-0.16159	rho[10][1]
-0.135313	rho[10][7]
0.120669	rho[10][16]
0.107301	rho[10][14]
0.0955576	rho[10][5]
-0.0930454	rho[10][6]
0.0911088	rho[10][13]
-0.080423	rho[10][4]
0.0446756	rho[10][15]
-0.0349704	rho[10][17]
0.0314375	rho[10][12]

Feature 11
-0.558947	rho[11][3]
0.522178	rho[11][10]
0.476427	rho[11][12]
-0.436043	rho[11][19]
-0.361748	rho[11][20]
-0.296893	rho[11][4]
-0.218854	rho[11][18]
-0.189409	rho[11][2]
-0.125447	rho[11][8]
-0.0908287	rho[11][1]
0.0644749	rho[11][16]
0.0620145	rho[11][13]
-0.0619304	rho[11][0]
0.0600207	rho[11][5]
-0.046371	rho[11][9]
0.0439839	rho[11][7]
0.0194224	rho[11][15]
-0.0182554	rho[11][17]
-0.0152606	rho[11][6]
0.00317619	rho[11][14]

Feature 12
0.525205	rho[12][13]
0.476427	rho[12][11]
-0.474528	rho[12][4]
-0.424277	rho[12][3]
-0.393389	rho[12][20]
-0.24968	rho[12][2]
0.156986	rho[12][0]
0.133724	rho[12][16]
-0.126187	rho[12][7]
-0.114782	rho[12][8]
-0.107157	rho[12][19]
0.10397	rho[12][17]
-0.0762633	rho[12][5]
0.0739097	rho[12][18]
0.0652475	rho[12][6]
0.0623441	rho[12][15]
0.0314375	rho[12][10]
0.0222423	rho[12][14]
-0.0209443	rho[12][9]
0.0179363	rho[12][1]

Feature 13
0.525205	rho[13][12]
0.502566	rho[13][14]
-0.395699	rho[13][3]
-0.343136	rho[13][4]
-0.302459	rho[13][5]
0.223797	rho[13][0]
-0.222671	rho[13][20]
-0.219074	rho[13][2]
0.181335	rho[13][17]
-0.169315	rho[13][8]
0.154439	rho[13][18]
-0.131889	rho[13][7]
0.116621	rho[13][16]
0.0911088	rho[13][10]
0.0880746	rho[13][1]
0.0659612	rho[13][15]
-0.0632384	rho[13][6]
0.0620145	rho[13][11]
0.0499592	rho[13][9]
0.0312041	rho[13][19]

Feature 14
0.522675	rho[14][15]
0.502566	rho[14][13]
-0.330896	rho[14][6]
-0.323207	rho[14][3]
-0.208912	rho[14][4]
-0.202575	rho[14][5]
0.190363	rho[14][0]
-0.165559	rho[14][7]
0.143631	rho[14][18]
0.108453	rho[14][19]
0.107301	rho[14][10]
0.0997928	rho[14][16]
0.094337	rho[14][9]
-0.0874146	rho[14][2]
0.0595028	rho[14][17]
-0.0560684	rho[14][8]
0.0222423	rho[14][12]
0.00389424	rho[14][1]
0.00317619	rho[14][11]
0.000799711	rho[14][20]

Feature 15
0.543391	rho[15][16]
0.522675	rho[15][14]
-0.443355	rho[15][7]
-0.262213	rho[15][6]
0.214436	rho[15][0]
-0.183892	rho[15][3]
-0.171935	rho[15][4]
0.169501	rho[15][19]
0.122216	rho[15][9]
-0.119895	rho[15][8]
-0.108352	rho[15][5]
0.102923	rho[15][20]
0.101273	rho[15][18]
0.0836539	rho[15][17]
0.0659612	rho[15][13]
0.0623441	rho[15][12]
-0.0539119	rho[15][2]
0.0446756	rho[15][10]
-0.0294234	rho[15][1]
0.0194224	rho[15][11]

Feature 16
0.563539	rho[16][17]
0.543391	rho[16][15]
-0.448159	rho[16][7]
-0.330296	rho[16][8]
-0.267778	rho[16][6]
0.237745	rho[16][0]
-0.151198	rho[16][3]
0.133724	rho[16][12]
0.120669	rho[16][10]
0.116621	rho[16][13]
0.109629	rho[16][18]
0.0997928	rho[16][14]
-0.0944973	rho[16][4]
-0.0921126	rho[16][5]
0.0814166	rho[16][20]
0.0778845	rho[16][19]
0.0644749	rho[16][11]
0.0566124	rho[16][9]
-0.048963	rho[16][1]
-0.0101565	rho[16][2]

Feature 17
0.563539	rho[17][16]
0.513986	rho[17][18]
-0.310595	rho[17][7]
-0.23181	rho[17][8]
0.222738	rho[17][0]
-0.220809	rho[17][6]
-0.206846	rho[17][9]
0.181335	rho[17][13]
0.10397	rho[17][12]
0.101791	rho[17][19]
-0.0992322	rho[17][5]
0.0836539	rho[17][15]
0.0696517	rho[17][1]
0.0595028	rho[17][14]
-0.0438066	rho[17][3]
-0.0360432	rho[17][4]
-0.0349704	rho[17][10]
-0.0182554	rho[17][11]
0.00981953	rho[17][20]
-0.00610626	rho[17][2]

Feature 18
0.562632	rho[18][19]
0.513986	rho[18][17]
-0.354787	rho[18][10]
-0.260679	rho[18][7]
0.23046	rho[18][0]
-0.218854	rho[18][11]
-0.18378	rho[18][8]
0.154439	rho[18][13]
0.143631	rho[18][14]
-0.128732	rho[18][9]
0.109629	rho[18][16]
0.101273	rho[18][15]
-0.0984289	rho[18][6]
0.0739097	rho[18][12]
-0.066329	rho[18][5]
0.0562641	rho[18][2]
0.0339825	rho[18][20]
0.029376	rho[18][3]
-0.0272118	rho[18][1]
-0.01837	rho[18][4]

Feature 19
0.562632	rho[19][18]
0.526649	rho[19][20]
-0.436043	rho[19][11]
-0.390068	rho[19][10]
0.202737	rho[19][0]
-0.200874	rho[19][9]
-0.181488	rho[19][7]
0.169501	rho[19][15]
0.168853	rho[19][3]
-0.125483	rho[19][8]
0.108453	rho[19][14]
-0.107157	rho[19][12]
0.101791	rho[19][17]
0.0879147	rho[19][2]
0.0778845	rho[19][16]
0.0334294	rho[19][4]
0.0312041	rho[19][13]
-0.0259762	rho[19][5]
-0.011626	rho[19][6]
-0.00150072	rho[19][1]

Feature 20
0.526649	rho[20][19]
-0.393389	rho[20][12]
-0.36531	rho[20][10]
-0.361748	rho[20][11]
0.225524	rho[20][3]
-0.222671	rho[20][13]
0.16883	rho[20][2]
0.141599	rho[20][4]
-0.140977	rho[20][9]
0.102923	rho[20][15]
0.0814166	rho[20][16]
0.0656747	rho[20][8]
0.0586188	rho[20][0]
-0.0578912	rho[20][1]
-0.0455204	rho[20][6]
-0.0354307	rho[20][7]
0.0339825	rho[20][18]
0.00981953	rho[20][17]
-0.00401465	rho[20][5]
0.000799711	rho[20][14]

